86
1	2	10
2	1	3	11
3	2	4	12
4	3	13
5	6	15
6	5	7	16
7	6	8	17
8	7	9	18
9	8	19
10	1	11	20
11	2	10	12	21
12	3	11	13
13	4	12	14	22
14	13	15	23
15	5	14	16	24
16	6	15	17	25
17	7	16	18	26
18	8	17	19	27
19	9	18	28
20	10	21	29
21	11	20	30
22	13	23
23	14	22	24	31
24	15	23	25	32
25	16	24	26	33
26	17	25	27
27	18	26	28	34
28	19	27	35
29	20	30	36
30	21	29	37
31	23	32	40
32	24	31	33	41
33	25	32	42
34	27	35	44
35	28	34	45
36	29	37	46
37	30	36	38	47
38	37	39	48
39	38	40	49
40	31	39	41	50
41	32	40	42
42	33	41	43	51
43	42	44	52
44	34	43	45	53
45	35	44	54
46	36	47	55
47	37	46	48	56
48	38	47	49
49	39	48	50
50	40	49	57
51	42	52	59
52	43	51	53	60
53	44	52	54	61
54	45	53	62
55	46	56	63
56	47	55	64
57	50	58	66
58	57	59	67
59	51	58	60
60	52	59	61
61	53	60	62	68
62	54	61	69
63	55	64	70
64	56	63	71
65	66
66	57	65	67	73
67	58	66	74
68	61	69	77
69	62	68	78
70	63	71	79
71	64	70	72	80
72	71	81
73	66	74
74	67	73	75	83
75	74	76	84
76	75	77	85
77	68	76	78	86
78	69	77
79	70	80
80	71	79	81
81	72	80	82
82	81
83	74	84
84	75	83	85
85	76	84	86
86	77	85