74
1	2	10
2	1	3	11
3	2	4	12
4	3	5
5	4	13
6	7	15
7	6	8	16
8	7	9	17
9	8	18
10	1	11	19
11	2	10	12
12	3	11	20
13	5	14
14	13	15
15	6	14	16	22
16	7	15	17	23
17	8	16	18	24
18	9	17	25
19	10
20	12	21
21	20	26
22	15	23
23	16	22	24	28
24	17	23	25	29
25	18	24	30
26	21	32
27
28	23	29	35
29	24	28	30	36
30	25	29	37
31
32	26	33	40
33	32
34	35	42
35	28	34	36	43
36	29	35	37	44
37	30	36
38	45
39	40
40	32	39	47
41	42	49
42	34	41	43	50
43	35	42	44
44	36	43	51
45	38	46	53
46	45
47	40	48	55
48	47	49	56
49	41	48	50	57
50	42	49
51	44	52
52	51	59
53	45
54	55	60
55	47	54	56	61
56	48	55	57	62
57	49	56	63
58
59	52	65
60	54	61	68
61	55	60	62	69
62	56	61	63
63	57	62	64	70
64	63	71
65	59	74
66	67
67	66	68
68	60	67	69
69	61	68
70	63	71
71	64	70	72
72	71	73
73	72	74
74	65	73