60
1
2	3
3	2	8
4	9
5	11
6	7	13
7	6	14
8	3	16
9	4	17
10	11	19
11	5	10
12	13
13	6	12	14	20
14	7	13	15
15	14	16	21
16	8	15
17	9	18	23
18	17	19
19	10	18	24
20	13
21	15	25
22	23	26
23	17	22	27
24	19	29
25	21	31
26	22	27	33
27	23	26	28	34
28	27	29
29	24	28
30	31	38
31	25	30	32	39
32	31	33	40
33	26	32	34
34	27	33	41
35
36	37
37	36	38
38	30	37	39	44
39	31	38	40
40	32	39
41	34	42
42	41	43	46
43	42	47
44	38
45	50
46	42	47	51
47	43	46	52
48	49	56
49	48	50
50	45	49	57
51	46	52	59
52	47	51	53	60
53	52
54
55	56
56	48	55
57	50	58
58	57	59
59	51	58	60
60	52	59