69
1	2
2	1	8
3
4	5	11
5	4	6	12
6	5	7	13
7	6	14
8	2	9
9	8	10	15
10	9
11	4	12
12	5	11	13
13	6	12	14	17
14	7	13
15	9	20
16	21
17	13	24
18	19
19	18	20	25
20	15	19	26
21	16	28
22	23	30
23	22	24	31
24	17	23	32
25	19	26
26	20	25	27	35
27	26	28	36
28	21	27	29	37
29	28	30	38
30	22	29	31	39
31	23	30	32	40
32	24	31	33	41
33	32
34
35	26	36
36	27	35	37	43
37	28	36	38
38	29	37	39
39	30	38	40	44
40	31	39	41
41	32	40
42
43	36	48
44	39	50
45
46	53
47	48	55
48	43	47	49	56
49	48	57
50	44	51	59
51	50	52	60
52	51
53	46	54	61
54	53	55	62
55	47	54	56
56	48	55	57	63
57	49	56	58	64
58	57	59	65
59	50	58	60	66
60	51	59	67
61	53	62
62	54	61
63	56	64
64	57	63	65
65	58	64	66
66	59	65	67
67	60	66	68
68	67	69
69	68