4958
1	2
2	1	3
3	2	4	55
4	3	5	56
5	4	6	57
6	5
7	8	58
8	7
9	10	59
10	9	11
11	10
12
13	14
14	13
15	16
16	15	62
17	64
18
19
20	21	67
21	20	22	68
22	21	69
23	70
24	25
25	24
26
27	28	74
28	27	29	75
29	28	76
30	77
31	79
32	33	81
33	32
34	35	84
35	34	36
36	35	37	85
37	36	38	86
38	37
39
40	88
41	90
42	93
43	44
44	43	45
45	44	46
46	45
47	48
48	47	49	98
49	48	99
50	51	101
51	50	102
52	53	104
53	52	54	105
54	53	106
55	3	56
56	4	55	57
57	5	56	110
58	7	112
59	9
60
61	120
62	16	63	121
63	62	64
64	17	63	65
65	64
66	67
67	20	66	68
68	21	67	69
69	22	68
70	23	125
71
72	73
73	72	74
74	27	73	75	127
75	28	74	76
76	29	75
77	30	78	128
78	77	129
79	31	80	130
80	79	81	131
81	32	80	132
82	83	133
83	82	84
84	34	83	134
85	36	86	135
86	37	85	136
87	137
88	40	89	138
89	88	139
90	41	91	141
91	90	142
92	93	143
93	42	92	94
94	93
95	96	144
96	95
97	149
98	48	99
99	49	98	100	151
100	99
101	50	102
102	51	101	153
103
104	52	105	155
105	53	104	106	156
106	54	105	107	157
107	106	158
108	109	159
109	108
110	57	111
111	110	160
112	58	113	161
113	112	114
114	113	162
115	116	165
116	115
117
118
119	120
120	61	119
121	62
122	123	171
123	122	172
124	175
125	70	176
126
127	74
128	77	129
129	78	128	182
130	79	131
131	80	130	132	183
132	81	131	184
133	82
134	84	186
135	85	136
136	86	135
137	87
138	88	139
139	89	138	140	189
140	139	141
141	90	140	142
142	91	141	190
143	92
144	95
145	146	194
146	145	147
147	146	148
148	147	149	195
149	97	148	150	196
150	149	197
151	99	199
152	201
153	102	202
154	155
155	104	154	156
156	105	155	157	203
157	106	156	158
158	107	157
159	108
160	111	207
161	112	208
162	114	163	210
163	162	164	211
164	163	165	212
165	115	164
166
167	214
168	169
169	168	170	219
170	169
171	122	172
172	123	171	220
173
174	175
175	124	174
176	125	224
177
178	226
179
180	181
181	180
182	129
183	131	184
184	132	183	232
185	186	233
186	134	185	187	234
187	186	235
188
189	139	239
190	142	191
191	190	240
192
193	194
194	145	193
195	148	196	243
196	149	195	197	244
197	150	196	245
198	199
199	151	198	200
200	199
201	152	246
202	153
203	156
204	205	253
205	204	206
206	205
207	160
208	161	209
209	208	210
210	162	209	211
211	163	210	212
212	164	211	256
213	214
214	167	213	259
215	216	260
216	215	217	261
217	216
218	262
219	169	264
220	172
221
222	267
223
224	176
225	226
226	178	225	227
227	226	228
228	227	270
229	230	272
230	229
231	273
232	184
233	185	234	275
234	186	233	235	276
235	187	234	277
236	237	278
237	236
238	239
239	189	238	280
240	191	281
241	242	283
242	241
243	195	244
244	196	243	245
245	197	244	287
246	201	247
247	246
248	249
249	248	250
250	249
251
252	253	297
253	204	252	298
254	300
255
256	212	257
257	256	301
258	302
259	214	304
260	215	261	306
261	216	260	307
262	218	263
263	262	264	308
264	219	263	265	309
265	264
266	267	313
267	222	266	314
268
269	316
270	228	318
271	321
272	229	322
273	231	324
274	275	328
275	233	274	276	329
276	234	275	277
277	235	276	330
278	236	331
279	333
280	239
281	240	282	336
282	281	283
283	241	282
284	285
285	284	337
286	339
287	245	288
288	287	289
289	288	290
290	289	291
291	290	292	342
292	291	343
293	345
294	295
295	294	296	347
296	295
297	252	298
298	253	297	299	348
299	298	349
300	254	351
301	257
302	258	303	354
303	302	304	355
304	259	303	305	356
305	304	306
306	260	305	307	357
307	261	306	358
308	263	309	361
309	264	308	362
310	311
311	310
312
313	266	314	365
314	267	313	315	366
315	314
316	269	317
317	316
318	270	319
319	318	320	369
320	319	321
321	271	320	370
322	272	323
323	322
324	273	373
325	326
326	325	327	375
327	326	328	376
328	274	327	329	377
329	275	328
330	277
331	278	379
332	333	381
333	279	332	334
334	333	382
335	384
336	281	386
337	285	338
338	337	390
339	286	340
340	339
341	392
342	291	343
343	292	342
344	345	394
345	293	344	346
346	345	395
347	295
348	298	349
349	299	348	350	402
350	349	351
351	300	350
352	353
353	352
354	302	355	404
355	303	354	356
356	304	355	405
357	306	358	406
358	307	357
359	360	407
360	359	361
361	308	360	362	408
362	309	361	363
363	362	409
364
365	313	366
366	314	365
367	410
368	416
369	319
370	321	371
371	370
372	373	421
373	324	372	374	422
374	373	423
375	326	376
376	327	375	377	425
377	328	376
378
379	331	380
380	379	381	428
381	332	380	429
382	334	383
383	382	384	430
384	335	383	385	431
385	384
386	336	387
387	386	432
388	389	433
389	388
390	338	391	435
391	390	436
392	341	439
393
394	344	446
395	346	396	448
396	395	397
397	396	398
398	397
399	400
400	399	449
401	450
402	349
403
404	354
405	356
406	357	459
407	359	462
408	361
409	363
410	367	411
411	410	412	468
412	411	469
413	414	471
414	413	472
415	416	473
416	368	415	417	474
417	416	418
418	417	475
419	420
420	419	421
421	372	420	422
422	373	421	423	478
423	374	422	424
424	423
425	376	480
426	427	481
427	426
428	380	429
429	381	428
430	383	431
431	384	430
432	387	483
433	388	485
434	435
435	390	434	436	486
436	391	435	437	487
437	436	438
438	437
439	392	440	489
440	439	441	490
441	440	442	491
442	441	492
443	444	493
444	443	445	494
445	444	446
446	394	445	447
447	446	448	495
448	395	447	496
449	400	498
450	401	499
451	452	500
452	451
453
454
455	456	503
456	455	457
457	456	504
458	459
459	406	458	460	507
460	459	461
461	460	462
462	407	461	508
463	510
464
465
466	467
467	466	513
468	411	469
469	412	468	470
470	469	471	515
471	413	470	472	516
472	414	471
473	415	474
474	416	473	517
475	418	476	519
476	475
477
478	422	522
479	480	523
480	425	479
481	426	524
482	483
483	432	482	484	531
484	483	485	532
485	433	484
486	435	487	534
487	436	486	535
488	489
489	439	488	490	536
490	440	489	491
491	441	490	492	537
492	442	491	538
493	443	494
494	444	493	540
495	447	496
496	448	495
497
498	449	542
499	450	543
500	451	545
501	547
502	503	550
503	455	502	551
504	457	553
505	506
506	505	555
507	459
508	462	558
509	510
510	463	509	511	559
511	510
512	561
513	467	563
514
515	470	516
516	471	515
517	474	518	567
518	517	519
519	475	518
520
521	572
522	478
523	479	573
524	481	525
525	524	526	577
526	525	578
527	528
528	527	579
529
530	580
531	483	532	582
532	484	531	583
533	534
534	486	533	535	585
535	487	534	586
536	489	589
537	491	538	591
538	492	537	539	592
539	538
540	494	541
541	540
542	498	598
543	499	599
544	545
545	500	544	546
546	545	547	600
547	501	546	548
548	547
549	550	602
550	502	549	551
551	503	550	552	603
552	551	553	604
553	504	552	554
554	553	605
555	506	607
556
557	610
558	508	611
559	510
560	614
561	512	615
562	563
563	513	562
564	618
565	619
566	567	620
567	517	566
568
569	570
570	569	571
571	570	572	622
572	521	571	623
573	523	574	625
574	573	575	626
575	574	627
576	628
577	525	578	629
578	526	577	630
579	528
580	530
581	582
582	531	581	583
583	532	582
584
585	534	586
586	535	585
587	588
588	587	589	637
589	536	588	590	638
590	589	591	639
591	537	590	592	640
592	538	591
593	641
594
595	596
596	595	597	643
597	596	598	644
598	542	597	645
599	543
600	546	648
601	602
602	549	601
603	551	604	649
604	552	603
605	554	606	651
606	605	607
607	555	606	608
608	607	652
609	610	654
610	557	609
611	558
612	656
613	658
614	560
615	561	616	661
616	615
617
618	564	664
619	565
620	566
621	666
622	571	623	668
623	572	622
624	625
625	573	624	626
626	574	625	627	672
627	575	626	673
628	576
629	577	630	675
630	578	629	676
631	632	678
632	631
633	634
634	633	681
635
636
637	588	638
638	589	637	639	688
639	590	638	640	689
640	591	639
641	593
642
643	596	644	694
644	597	643	645
645	598	644
646	647	695
647	646	648
648	600	647
649	603	698
650	651	700
651	605	650
652	608	653	701
653	652	654
654	609	653
655
656	612	657	703
657	656	658
658	613	657	659	704
659	658
660	661
661	615	660	705
662
663	707
664	618	665
665	664	709
666	621
667
668	622	715
669	670	717
670	669	671
671	670
672	626	673	720
673	627	672	674
674	673
675	629	676	721
676	630	675	677	722
677	676	678
678	631	677	723
679	680
680	679	724
681	634	682	725
682	681	726
683	684
684	683
685
686
687	731
688	638	689	732
689	639	688
690
691	738
692	693
693	692	694	739
694	643	693	740
695	646	743
696	697	747
697	696
698	649	699	749
699	698	700	750
700	650	699
701	652	753
702	703
703	656	702
704	658	759
705	661	762
706	707	765
707	663	706	708
708	707	766
709	665	767
710	711	770
711	710
712	771
713	714
714	713	715	775
715	668	714	716	776
716	715	717
717	669	716
718	719
719	718	720
720	672	719	778
721	675	722	781
722	676	721
723	678
724	680	784
725	681	726	785
726	682	725	786
727
728
729
730
731	687
732	688
733	791
734	735	793
735	734	736
736	735	737
737	736	738
738	691	737	794
739	693	740	798
740	694	739	741	799
741	740	800
742
743	695	744	803
744	743	745
745	744	746
746	745	747
747	696	746	804
748
749	698	750	806
750	699	749
751	752
752	751	807
753	701	754	809
754	753	755	810
755	754	756	811
756	755	757
757	756	758	812
758	757
759	704	760
760	759	761	814
761	760
762	705	763
763	762	764
764	763	765	815
765	706	764	816
766	708
767	709	768	817
768	767	769
769	768	770
770	710	769
771	712	772
772	771	773
773	772	774
774	773
775	714	776
776	715	775
777	821
778	720
779
780	781
781	721	780	825
782	827
783	784	830
784	724	783	831
785	725	786	833
786	726	785	787
787	786	834
788
789
790	791
791	733	790	839
792	793
793	734	792
794	738	795	841
795	794	796
796	795	797	842
797	796	798
798	739	797	799
799	740	798	800	843
800	741	799	801	844
801	800
802	803	845
803	743	802	846
804	747	848
805	806	850
806	749	805	851
807	752	808
808	807	809	855
809	753	808	810	856
810	754	809	811
811	755	810	857
812	757	858
813	860
814	760
815	764	816
816	765	815
817	767	864
818
819
820	821
821	777	820	822
822	821	870
823
824	874
825	781	826
826	825	827	876
827	782	826	828
828	827	829
829	828	830
830	783	829	831
831	784	830	832
832	831	833	877
833	785	832
834	787
835	879
836	880
837	838	882
838	837
839	791
840	841
841	794	840	886
842	796
843	799	844
844	800	843
845	802	846
846	803	845
847
848	804	849	890
849	848
850	805	851
851	806	850	852
852	851	853	891
853	852	854
854	853	892
855	808	856
856	809	855	893
857	811	895
858	812	859
859	858	896
860	813
861
862	900
863
864	817
865	866	905
866	865
867
868	869
869	868	908
870	822	871	912
871	870	872	913
872	871
873	874	914
874	824	873	875
875	874
876	826	916
877	832	919
878	879
879	835	878	921
880	836	881	923
881	880
882	837	924
883
884
885
886	841	928
887	931
888	933
889	934
890	848
891	852
892	854
893	856	894	943
894	893	895	944
895	857	894	945
896	859	946
897	898
898	897	949
899	900	952
900	862	899	901
901	900
902
903	953
904
905	865
906	959
907
908	869	909	963
909	908	910
910	909	911	964
911	910	912
912	870	911	913
913	871	912
914	873
915	916
916	876	915	917
917	916	966
918	967
919	877
920	973
921	879	922	974
922	921	923	975
923	880	922
924	882	925
925	924	977
926	981
927	928	982
928	886	927	929
929	928	983
930	931	984
931	887	930	932
932	931
933	888
934	889	935
935	934
936
937
938
939	987
940	990
941	942
942	941	943
943	893	942	944
944	894	943	945	992
945	895	944
946	896	947
947	946	948
948	947
949	898	950
950	949	951	996
951	950	952	997
952	899	951	998
953	903	954
954	953	1001
955	956	1003
956	955	1004
957	958	1005
958	957
959	906	960	1007
960	959	1008
961	962
962	961	963
963	908	962	1009
964	910	1011
965
966	917
967	918	1019
968
969	970
970	969	1021
971	1022
972	973
973	920	972	1024
974	921	975	1026
975	922	974	1027
976
977	925
978	979
979	978	980
980	979	1029
981	926	1031
982	927
983	929
984	930
985
986
987	939	988
988	987	989
989	988	990
990	940	989	991	1038
991	990
992	944	1041
993	994
994	993	1042
995	1046
996	950	997	1048
997	951	996	998
998	952	997	1049
999	1000
1000	999
1001	954	1002	1051
1002	1001	1003	1052
1003	955	1002	1004
1004	956	1003	1053
1005	957	1054
1006
1007	959	1008
1008	960	1007
1009	963	1010	1056
1010	1009	1011
1011	964	1010	1012
1012	1011	1013	1057
1013	1012	1014	1058
1014	1013	1015	1059
1015	1014	1016	1060
1016	1015	1061
1017	1063
1018	1064
1019	967
1020	1067
1021	970
1022	971	1023
1023	1022
1024	973	1025	1068
1025	1024	1026
1026	974	1025	1027
1027	975	1026
1028
1029	980	1030	1073
1030	1029	1031
1031	981	1030	1032
1032	1031
1033
1034
1035	1077
1036
1037
1038	990	1085
1039	1040
1040	1039	1041
1041	992	1040	1087
1042	994	1043
1043	1042	1044
1044	1043	1045
1045	1044	1046
1046	995	1045	1047
1047	1046	1048	1089
1048	996	1047
1049	998	1091
1050	1051
1051	1001	1050	1052	1093
1052	1002	1051	1094
1053	1004	1096
1054	1005
1055	1100
1056	1009
1057	1012	1058
1058	1013	1057	1059	1105
1059	1014	1058	1060
1060	1015	1059	1061
1061	1016	1060
1062	1063
1063	1017	1062
1064	1018
1065	1066
1066	1065	1067	1109
1067	1020	1066	1110
1068	1024
1069	1070
1070	1069	1071
1071	1070	1117
1072	1073	1121
1073	1029	1072	1122
1074	1123
1075	1124
1076	1077
1077	1035	1076	1127
1078	1129
1079	1080	1131
1080	1079	1081	1132
1081	1080	1133
1082	1083
1083	1082
1084	1085	1135
1085	1038	1084	1136
1086	1138
1087	1041	1088
1088	1087
1089	1047
1090	1091	1143
1091	1049	1090	1144
1092	1145
1093	1051	1094	1149
1094	1052	1093	1095
1095	1094	1096	1150
1096	1053	1095	1097
1097	1096	1151
1098	1099
1099	1098	1154
1100	1055	1101
1101	1100	1102
1102	1101	1156
1103	1104
1104	1103
1105	1058
1106
1107	1164
1108	1165
1109	1066	1110
1110	1067	1109	1111	1166
1111	1110	1167
1112	1113
1113	1112	1114
1114	1113	1115
1115	1114
1116	1169
1117	1071
1118	1119
1119	1118	1120	1173
1120	1119	1121
1121	1072	1120	1122
1122	1073	1121
1123	1074
1124	1075	1125
1125	1124	1126	1175
1126	1125
1127	1077
1128	1129
1129	1078	1128
1130	1131
1131	1079	1130	1132
1132	1080	1131	1133	1177
1133	1081	1132	1178
1134	1135	1181
1135	1084	1134	1136	1182
1136	1085	1135	1137	1183
1137	1136	1138
1138	1086	1137	1139
1139	1138	1184
1140	1141
1141	1140
1142
1143	1090	1144
1144	1091	1143	1190
1145	1092	1146	1191
1146	1145	1147
1147	1146	1148
1148	1147
1149	1093
1150	1095	1194
1151	1097	1152
1152	1151	1153	1196
1153	1152	1197
1154	1099
1155	1199
1156	1102
1157
1158	1159
1159	1158	1160
1160	1159	1161	1202
1161	1160
1162
1163	1204
1164	1107	1206
1165	1108	1207
1166	1110	1167	1208
1167	1111	1166	1168	1209
1168	1167	1210
1169	1116
1170	1171	1215
1171	1170
1172	1216
1173	1119	1218
1174
1175	1125	1223
1176
1177	1132	1178	1225
1178	1133	1177
1179	1180
1180	1179	1181
1181	1134	1180	1182	1226
1182	1135	1181	1183
1183	1136	1182	1227
1184	1139	1229
1185	1186	1231
1186	1185	1232
1187	1188
1188	1187	1233
1189
1190	1144	1236
1191	1145	1237
1192
1193	1194	1238
1194	1150	1193	1195
1195	1194	1239
1196	1152	1197	1241
1197	1153	1196	1198
1198	1197	1242
1199	1155	1200
1200	1199	1244
1201
1202	1160
1203	1204
1204	1163	1203	1205
1205	1204	1206
1206	1164	1205	1251
1207	1165	1253
1208	1166	1209	1256
1209	1167	1208	1210
1210	1168	1209	1211
1211	1210	1212	1257
1212	1211	1213	1258
1213	1212
1214
1215	1170	1261
1216	1172	1217
1217	1216	1218
1218	1173	1217	1219	1263
1219	1218	1264
1220	1265
1221	1267
1222	1269
1223	1175	1273
1224	1276
1225	1177
1226	1181
1227	1183	1228
1228	1227
1229	1184	1230
1230	1229	1231	1279
1231	1185	1230	1232
1232	1186	1231	1280
1233	1188	1234	1284
1234	1233
1235
1236	1190
1237	1191
1238	1193	1290
1239	1195	1240	1291
1240	1239	1241	1292
1241	1196	1240
1242	1198	1243	1293
1243	1242
1244	1200	1245	1296
1245	1244	1297
1246
1247	1300
1248	1249
1249	1248	1250	1302
1250	1249
1251	1206	1252	1304
1252	1251	1253
1253	1207	1252	1254
1254	1253	1255
1255	1254	1256	1305
1256	1208	1255
1257	1211	1258
1258	1212	1257	1306
1259	1260
1260	1259	1307
1261	1215	1262
1262	1261	1310
1263	1218	1264
1264	1219	1263	1313
1265	1220	1266
1266	1265	1267	1315
1267	1221	1266	1268	1316
1268	1267
1269	1222	1270	1317
1270	1269	1271
1271	1270	1272
1272	1271	1273	1318
1273	1223	1272	1319
1274	1321
1275	1276
1276	1224	1275	1323
1277	1327
1278
1279	1230
1280	1232	1281	1332
1281	1280
1282	1283	1334
1283	1282	1284	1335
1284	1233	1283	1336
1285
1286	1339
1287	1342
1288	1289
1289	1288	1290
1290	1238	1289	1345
1291	1239	1292
1292	1240	1291
1293	1242
1294	1295
1295	1294	1296
1296	1244	1295	1297	1347
1297	1245	1296
1298	1299
1299	1298	1300	1350
1300	1247	1299	1301
1301	1300
1302	1249	1352
1303	1304	1356
1304	1251	1303	1357
1305	1255
1306	1258
1307	1260
1308	1309
1309	1308
1310	1262	1362
1311	1312
1312	1311
1313	1264	1314
1314	1313	1364
1315	1266	1316
1316	1267	1315
1317	1269	1367
1318	1272	1319
1319	1273	1318
1320	1321
1321	1274	1320	1369
1322	1370
1323	1276	1324	1372
1324	1323	1325
1325	1324	1373
1326	1375
1327	1277
1328	1329	1377
1329	1328	1330	1378
1330	1329	1379
1331	1332	1380
1332	1280	1331	1381
1333	1334
1334	1282	1333	1335
1335	1283	1334	1336
1336	1284	1335	1337	1383
1337	1336
1338	1339
1339	1286	1338
1340	1341
1341	1340	1342
1342	1287	1341	1343	1386
1343	1342	1344
1344	1343
1345	1290	1387
1346
1347	1296
1348	1349
1349	1348
1350	1299
1351	1352	1400
1352	1302	1351	1353
1353	1352	1354
1354	1353	1355	1401
1355	1354	1356	1402
1356	1303	1355	1357
1357	1304	1356	1403
1358	1407
1359
1360	1409
1361	1362	1414
1362	1310	1361	1415
1363
1364	1314	1365	1418
1365	1364	1419
1366	1367
1367	1317	1366	1423
1368
1369	1321
1370	1322	1371
1371	1370	1372	1428
1372	1323	1371	1429
1373	1325	1374
1374	1373	1375
1375	1326	1374	1430
1376	1377	1433
1377	1328	1376	1378	1434
1378	1329	1377	1379	1435
1379	1330	1378
1380	1331	1381	1436
1381	1332	1380	1382	1437
1382	1381
1383	1336
1384	1440
1385	1441
1386	1342
1387	1345	1388	1445
1388	1387	1389
1389	1388	1390	1446
1390	1389	1391
1391	1390
1392	1393
1393	1392	1394	1447
1394	1393	1448
1395	1396	1451
1396	1395	1397	1452
1397	1396	1398
1398	1397
1399	1400
1400	1351	1399	1454
1401	1354	1402	1455
1402	1355	1401	1456
1403	1357	1404
1404	1403
1405	1458
1406	1407
1407	1358	1406
1408	1409
1409	1360	1408	1410	1461
1410	1409	1411	1462
1411	1410	1412
1412	1411	1463
1413	1414	1464
1414	1361	1413	1415	1465
1415	1362	1414
1416	1466
1417	1418	1469
1418	1364	1417	1419
1419	1365	1418	1420	1470
1420	1419	1421
1421	1420	1422	1471
1422	1421
1423	1367	1424
1424	1423	1425
1425	1424	1472
1426	1474
1427	1475
1428	1371	1429
1429	1372	1428
1430	1375	1431	1479
1431	1430	1480
1432	1433	1482
1433	1376	1432	1434	1483
1434	1377	1433	1435	1484
1435	1378	1434	1485
1436	1380	1437
1437	1381	1436	1487
1438	1488
1439	1440	1491
1440	1384	1439	1492
1441	1385	1442	1495
1442	1441
1443
1444	1445
1445	1387	1444
1446	1389
1447	1393	1448
1448	1394	1447
1449	1450
1450	1449
1451	1395	1452
1452	1396	1451
1453	1499
1454	1400	1502
1455	1401	1456	1503
1456	1402	1455	1457
1457	1456
1458	1405	1459
1459	1458	1504
1460	1506
1461	1409	1462	1507
1462	1410	1461	1508
1463	1412
1464	1413	1465	1511
1465	1414	1464	1512
1466	1416	1467
1467	1466	1468
1468	1467	1469	1514
1469	1417	1468
1470	1419	1515
1471	1421	1516
1472	1425	1518
1473	1474
1474	1426	1473	1520
1475	1427	1476	1521
1476	1475	1522
1477
1478	1479
1479	1430	1478	1480	1525
1480	1431	1479	1481	1526
1481	1480	1482	1527
1482	1432	1481	1483	1528
1483	1433	1482	1484	1529
1484	1434	1483	1485	1530
1485	1435	1484	1531
1486
1487	1437
1488	1438
1489	1490	1533
1490	1489	1491
1491	1439	1490	1492	1534
1492	1440	1491	1493
1493	1492	1494
1494	1493	1495
1495	1441	1494
1496	1540
1497	1547
1498	1549
1499	1453	1500
1500	1499	1501	1554
1501	1500	1502
1502	1454	1501	1555
1503	1455	1557
1504	1459
1505
1506	1460
1507	1461	1508
1508	1462	1507	1509	1564
1509	1508	1565
1510	1511
1511	1464	1510	1512
1512	1465	1511	1567
1513
1514	1468
1515	1470	1569
1516	1471
1517	1571
1518	1472	1572
1519
1520	1474
1521	1475	1522	1573
1522	1476	1521	1523	1574
1523	1522	1524	1575
1524	1523	1576
1525	1479	1526	1580
1526	1480	1525	1527
1527	1481	1526	1528
1528	1482	1527	1529
1529	1483	1528	1530	1581
1530	1484	1529	1531
1531	1485	1530	1582
1532
1533	1489
1534	1491
1535	1536
1536	1535	1537
1537	1536	1538
1538	1537	1539
1539	1538	1540
1540	1496	1539	1541
1541	1540	1542	1588
1542	1541
1543	1544	1590
1544	1543	1545
1545	1544	1546
1546	1545	1547	1591
1547	1497	1546	1548
1548	1547	1592
1549	1498	1550
1550	1549	1551	1597
1551	1550	1552	1598
1552	1551	1553	1599
1553	1552
1554	1500	1600
1555	1502
1556	1557	1601
1557	1503	1556	1602
1558	1559	1603
1559	1558	1560	1604
1560	1559	1561
1561	1560	1605
1562
1563
1564	1508	1565
1565	1509	1564	1566
1566	1565
1567	1512	1568	1608
1568	1567	1609
1569	1515
1570
1571	1517	1613
1572	1518
1573	1521	1574
1574	1522	1573	1575
1575	1523	1574	1576	1618
1576	1524	1575	1577
1577	1576	1578	1619
1578	1577	1579	1620
1579	1578	1580	1621
1580	1525	1579
1581	1529
1582	1531	1624
1583	1584	1626
1584	1583	1627
1585
1586
1587
1588	1541	1635
1589	1590
1590	1543	1589	1636
1591	1546	1637
1592	1548	1593
1593	1592	1594
1594	1593	1595	1639
1595	1594	1596
1596	1595	1640
1597	1550	1598
1598	1551	1597	1599	1642
1599	1552	1598	1643
1600	1554	1644
1601	1556	1602
1602	1557	1601
1603	1558	1604	1648
1604	1559	1603	1649
1605	1561
1606	1652
1607	1654
1608	1567	1609
1609	1568	1608	1657
1610	1659
1611	1661
1612	1662
1613	1571
1614	1615	1665
1615	1614
1616	1617
1617	1616	1666
1618	1575	1669
1619	1577	1620
1620	1578	1619	1621	1670
1621	1579	1620	1671
1622	1672
1623	1674
1624	1582
1625	1626	1678
1626	1583	1625	1627	1679
1627	1584	1626
1628
1629	1630	1681
1630	1629	1682
1631	1684
1632	1685
1633	1634
1634	1633	1635
1635	1588	1634
1636	1590
1637	1591	1638	1691
1638	1637
1639	1594	1693
1640	1596	1641	1695
1641	1640	1696
1642	1598	1643
1643	1599	1642	1698
1644	1600	1645
1645	1644	1646
1646	1645	1647
1647	1646
1648	1603	1649	1704
1649	1604	1648
1650	1651
1651	1650	1652
1652	1606	1651	1706
1653	1654	1708
1654	1607	1653	1709
1655	1711
1656	1712
1657	1609	1658
1658	1657	1714
1659	1610	1660	1715
1660	1659	1661
1661	1611	1660
1662	1612	1663	1717
1663	1662	1718
1664
1665	1614	1722
1666	1617	1724
1667	1668	1725
1668	1667	1669	1726
1669	1618	1668	1727
1670	1620	1671
1671	1621	1670	1729
1672	1622	1673
1673	1672	1674
1674	1623	1673	1675
1675	1674	1676	1731
1676	1675	1732
1677	1734
1678	1625	1679
1679	1626	1678
1680	1737
1681	1629	1682
1682	1630	1681	1683
1683	1682
1684	1631
1685	1632	1686	1743
1686	1685	1744
1687	1688
1688	1687	1749
1689	1690	1751
1690	1689	1691	1752
1691	1637	1690	1753
1692	1754
1693	1639	1694
1694	1693	1695
1695	1640	1694	1696
1696	1641	1695	1697
1697	1696	1755
1698	1643	1699
1699	1698	1700	1757
1700	1699	1758
1701	1702	1761
1702	1701	1762
1703	1704
1704	1648	1703	1764
1705	1766
1706	1652	1707	1769
1707	1706	1708	1770
1708	1653	1707	1709
1709	1654	1708	1710	1771
1710	1709
1711	1655	1772
1712	1656	1774
1713	1775
1714	1658	1777
1715	1659	1779
1716	1717
1717	1662	1716	1718	1781
1718	1663	1717
1719	1720	1783
1720	1719	1721
1721	1720	1722	1784
1722	1665	1721	1723	1785
1723	1722	1786
1724	1666	1789
1725	1667	1726
1726	1668	1725	1727	1790
1727	1669	1726	1728	1791
1728	1727	1792
1729	1671	1730
1730	1729	1794
1731	1675	1732	1797
1732	1676	1731	1733
1733	1732	1734
1734	1677	1733	1735
1735	1734
1736	1737	1799
1737	1680	1736	1738
1738	1737	1739	1800
1739	1738	1740	1801
1740	1739
1741
1742	1805
1743	1685	1744	1806
1744	1686	1743	1745	1807
1745	1744	1746
1746	1745	1747	1808
1747	1746	1748	1809
1748	1747	1810
1749	1688	1812
1750	1751
1751	1689	1750	1752	1814
1752	1690	1751	1753
1753	1691	1752
1754	1692	1815
1755	1697	1756
1756	1755	1820
1757	1699	1758
1758	1700	1757	1759
1759	1758	1760	1822
1760	1759	1823
1761	1701	1762
1762	1702	1761	1763
1763	1762	1825
1764	1704
1765	1766
1766	1705	1765	1767	1826
1767	1766	1768
1768	1767	1769
1769	1706	1768	1770	1827
1770	1707	1769	1828
1771	1709	1830
1772	1711	1773	1832
1773	1772	1774	1833
1774	1712	1773
1775	1713	1776	1835
1776	1775	1777	1836
1777	1714	1776	1778
1778	1777	1779
1779	1715	1778
1780
1781	1717	1840
1782	1783	1843
1783	1719	1782	1844
1784	1721	1785	1845
1785	1722	1784	1786
1786	1723	1785	1787
1787	1786	1788
1788	1787	1789	1846
1789	1724	1788	1847
1790	1726	1791	1849
1791	1727	1790	1792
1792	1728	1791	1850
1793
1794	1730
1795	1796	1851
1796	1795	1797
1797	1731	1796
1798	1799	1854
1799	1736	1798
1800	1738	1801
1801	1739	1800
1802	1803	1858
1803	1802
1804	1805
1805	1742	1804	1860
1806	1743	1807
1807	1744	1806	1861
1808	1746	1809
1809	1747	1808	1810	1862
1810	1748	1809	1811
1811	1810	1812
1812	1749	1811	1813	1863
1813	1812
1814	1751	1864
1815	1754	1816	1865
1816	1815	1817
1817	1816	1818
1818	1817	1866
1819	1868
1820	1756	1821
1821	1820	1869
1822	1759	1823	1871
1823	1760	1822	1824
1824	1823	1872
1825	1763
1826	1766	1877
1827	1769	1828	1879
1828	1770	1827	1829	1880
1829	1828	1830
1830	1771	1829	1831	1881
1831	1830	1882
1832	1772	1833
1833	1773	1832	1884
1834	1835	1886
1835	1775	1834	1836	1887
1836	1776	1835
1837	1838
1838	1837	1890
1839	1840	1892
1840	1781	1839	1841
1841	1840	1842
1842	1841	1843	1893
1843	1782	1842	1844
1844	1783	1843	1894
1845	1784
1846	1788	1847	1897
1847	1789	1846	1898
1848	1849
1849	1790	1848	1899
1850	1792
1851	1795	1901
1852
1853	1854
1854	1798	1853
1855	1905
1856	1857
1857	1856	1858	1906
1858	1802	1857
1859	1907
1860	1805	1908
1861	1807	1911
1862	1809	1913
1863	1812	1914
1864	1814	1915
1865	1815	1918
1866	1818	1867
1867	1866	1868	1920
1868	1819	1867	1921
1869	1821	1923
1870	1871
1871	1822	1870
1872	1824	1873	1924
1873	1872	1874	1925
1874	1873	1875
1875	1874
1876	1877
1877	1826	1876	1878	1929
1878	1877	1930
1879	1827	1880	1931
1880	1828	1879	1932
1881	1830	1882
1882	1831	1881	1883	1934
1883	1882
1884	1833	1885
1885	1884	1886	1935
1886	1834	1885	1887
1887	1835	1886
1888	1889	1936
1889	1888	1937
1890	1838	1891	1939
1891	1890	1892
1892	1839	1891	1940
1893	1842
1894	1844	1895	1942
1895	1894	1943
1896	1897	1946
1897	1846	1896	1898	1947
1898	1847	1897
1899	1849	1948
1900	1950
1901	1851	1902	1953
1902	1901	1954
1903	1956
1904
1905	1855
1906	1857	1961
1907	1859	1962
1908	1860	1909	1963
1909	1908	1910
1910	1909	1911	1964
1911	1861	1910	1912
1912	1911	1965
1913	1862
1914	1863
1915	1864	1916
1916	1915
1917	1918	1970
1918	1865	1917
1919	1972
1920	1867	1921	1973
1921	1868	1920	1922	1974
1922	1921
1923	1869
1924	1872	1925
1925	1873	1924
1926	1927	1980
1927	1926
1928
1929	1877	1930
1930	1878	1929
1931	1879	1932
1932	1880	1931	1933
1933	1932	1983
1934	1882	1984
1935	1885
1936	1888	1937
1937	1889	1936	1988
1938	1939
1939	1890	1938	1989
1940	1892	1941	1991
1941	1940
1942	1894	1943	1993
1943	1895	1942
1944	1945
1945	1944	1946	1994
1946	1896	1945	1947	1995
1947	1897	1946	1996
1948	1899	1997
1949	1950
1950	1900	1949	1998
1951
1952	1953
1953	1901	1952	1954
1954	1902	1953	1955	2001
1955	1954	1956
1956	1903	1955
1957	1958
1958	1957
1959	1960	2003
1960	1959
1961	1906
1962	1907
1963	1908	2005
1964	1910
1965	1912
1966	1967	2009
1967	1966
1968	1969	2011
1969	1968	2012
1970	1917	2015
1971	1972	2017
1972	1919	1971	2018
1973	1920	1974
1974	1921	1973
1975	1976	2022
1976	1975	1977	2023
1977	1976	2024
1978	1979	2027
1979	1978	1980	2028
1980	1926	1979
1981
1982	2031
1983	1933
1984	1934	1985	2032
1985	1984	2033
1986	2036
1987
1988	1937	2038
1989	1939	1990
1990	1989	1991	2041
1991	1940	1990
1992
1993	1942
1994	1945	1995	2045
1995	1946	1994	1996	2046
1996	1947	1995
1997	1948	2048
1998	1950	1999
1999	1998	2051
2000	2053
2001	1954	2054
2002	2003
2003	1959	2002
2004
2005	1963	2006	2061
2006	2005	2062
2007	2008
2008	2007	2009
2009	1966	2008	2066
2010	2011
2011	1968	2010	2012	2068
2012	1969	2011	2013	2069
2013	2012	2070
2014	2015
2015	1970	2014	2016
2016	2015	2017	2071
2017	1971	2016	2018
2018	1972	2017
2019	2020
2020	2019	2073
2021	2022	2075
2022	1975	2021	2023
2023	1976	2022	2024
2024	1977	2023	2025	2076
2025	2024	2026
2026	2025	2027	2077
2027	1978	2026	2028	2078
2028	1979	2027	2079
2029	2081
2030	2082
2031	1982
2032	1984	2033	2086
2033	1985	2032
2034	2035	2087
2035	2034	2036	2088
2036	1986	2035	2037
2037	2036	2089
2038	1988	2039
2039	2038	2040
2040	2039
2041	1990
2042
2043	2093
2044	2045	2096
2045	1994	2044	2046	2097
2046	1995	2045	2098
2047
2048	1997	2049	2099
2049	2048	2050
2050	2049	2100
2051	1999	2052
2052	2051	2053
2053	2000	2052	2102
2054	2001	2103
2055
2056
2057	2058	2107
2058	2057
2059	2111
2060
2061	2005	2062
2062	2006	2061	2063	2115
2063	2062	2064	2116
2064	2063	2065
2065	2064	2117
2066	2009	2067
2067	2066
2068	2011	2069	2119
2069	2012	2068	2070	2120
2070	2013	2069	2121
2071	2016	2123
2072	2125
2073	2020	2074
2074	2073	2075
2075	2021	2074	2127
2076	2024
2077	2026	2078
2078	2027	2077	2079
2079	2028	2078
2080	2081	2130
2081	2029	2080	2131
2082	2030	2083
2083	2082	2133
2084
2085	2086
2086	2032	2085	2136
2087	2034	2088
2088	2035	2087
2089	2037	2090	2140
2090	2089	2091	2141
2091	2090	2142
2092	2093	2146
2093	2043	2092	2094
2094	2093	2095
2095	2094
2096	2044	2097	2148
2097	2045	2096	2098	2149
2098	2046	2097
2099	2048
2100	2050	2101	2152
2101	2100	2153
2102	2053
2103	2054
2104	2105
2105	2104	2158
2106	2107
2107	2057	2106
2108	2109
2109	2108	2110
2110	2109	2111	2159
2111	2059	2110	2112
2112	2111	2160
2113	2162
2114
2115	2062	2116
2116	2063	2115
2117	2065
2118	2119	2165
2119	2068	2118	2120	2166
2120	2069	2119	2121
2121	2070	2120	2167
2122
2123	2071	2124	2169
2124	2123
2125	2072	2126
2126	2125
2127	2075	2172
2128
2129	2130
2130	2080	2129	2131
2131	2081	2130	2132
2132	2131
2133	2083	2134
2134	2133
2135	2178
2136	2086	2137
2137	2136	2138
2138	2137
2139	2140
2140	2089	2139	2141	2180
2141	2090	2140	2142	2181
2142	2091	2141
2143
2144	2185
2145	2146	2186
2146	2092	2145
2147	2148	2189
2148	2096	2147	2149	2190
2149	2097	2148
2150
2151	2152	2192
2152	2100	2151	2153
2153	2101	2152	2154	2193
2154	2153
2155	2156	2196
2156	2155
2157	2199
2158	2105
2159	2110
2160	2112	2161	2204
2161	2160	2162
2162	2113	2161
2163
2164	2165
2165	2118	2164	2166
2166	2119	2165	2209
2167	2121	2168	2211
2168	2167	2212
2169	2123	2213
2170
2171
2172	2127	2173
2173	2172
2174
2175	2218
2176	2220
2177	2223
2178	2135	2179
2179	2178
2180	2140	2181	2229
2181	2141	2180	2230
2182
2183	2184	2232
2184	2183	2185
2185	2144	2184	2233
2186	2145
2187	2188	2235
2188	2187	2189	2236
2189	2147	2188	2190
2190	2148	2189
2191	2238
2192	2151	2240
2193	2153
2194	2195
2195	2194	2196
2196	2155	2195
2197	2198
2198	2197	2199
2199	2157	2198	2242
2200	2201
2201	2200
2202	2246
2203	2204
2204	2160	2203
2205	2249
2206	2207
2207	2206
2208	2253
2209	2166	2210
2210	2209	2211
2211	2167	2210	2212
2212	2168	2211	2256
2213	2169	2214	2258
2214	2213	2259
2215
2216
2217	2218
2218	2175	2217	2265
2219	2220	2267
2220	2176	2219	2221	2268
2221	2220
2222
2223	2177
2224
2225
2226	2227
2227	2226	2228	2275
2228	2227	2229	2276
2229	2180	2228	2230
2230	2181	2229
2231	2278
2232	2183
2233	2185	2281
2234	2235	2284
2235	2187	2234	2236
2236	2188	2235	2285
2237	2238
2238	2191	2237
2239	2286
2240	2192	2241	2288
2241	2240	2289
2242	2199	2243	2295
2243	2242	2244
2244	2243	2296
2245	2246	2297
2246	2202	2245	2247	2298
2247	2246	2299
2248
2249	2205	2250
2250	2249
2251	2252	2305
2252	2251	2253	2306
2253	2208	2252	2254	2307
2254	2253	2255	2308
2255	2254	2309
2256	2212	2312
2257	2258
2258	2213	2257	2259
2259	2214	2258	2314
2260	2261	2315
2261	2260
2262	2263
2263	2262
2264	2316
2265	2218	2266	2317
2266	2265	2267	2318
2267	2219	2266	2268	2319
2268	2220	2267
2269	2321
2270	2271
2271	2270
2272	2273	2322
2273	2272	2323
2274
2275	2227	2276
2276	2228	2275
2277	2278
2278	2231	2277	2329
2279
2280	2281	2330
2281	2233	2280	2282	2331
2282	2281
2283	2284
2284	2234	2283
2285	2236	2333
2286	2239	2338
2287	2288
2288	2240	2287	2289	2339
2289	2241	2288	2340
2290	2291	2342
2291	2290	2292
2292	2291	2293
2293	2292	2294
2294	2293	2343
2295	2242
2296	2244
2297	2245	2298	2346
2298	2246	2297	2299	2347
2299	2247	2298
2300	2351
2301
2302	2303	2353
2303	2302	2304
2304	2303	2305	2354
2305	2251	2304	2306
2306	2252	2305	2307
2307	2253	2306	2308
2308	2254	2307	2309
2309	2255	2308
2310	2311	2355
2311	2310	2312	2356
2312	2256	2311	2313	2357
2313	2312	2358
2314	2259
2315	2260	2360
2316	2264
2317	2265	2318
2318	2266	2317	2319	2364
2319	2267	2318	2365
2320	2366
2321	2269	2368
2322	2272	2323	2371
2323	2273	2322	2324	2372
2324	2323	2373
2325	2375
2326
2327	2328
2328	2327	2376
2329	2278
2330	2280	2331
2331	2281	2330
2332	2380
2333	2285	2384
2334	2335	2385
2335	2334	2336	2386
2336	2335	2337	2387
2337	2336	2338	2388
2338	2286	2337	2389
2339	2288	2340	2391
2340	2289	2339	2341
2341	2340	2392
2342	2290	2393
2343	2294	2395
2344	2345	2399
2345	2344	2346	2400
2346	2297	2345	2347
2347	2298	2346	2401
2348	2349
2349	2348	2350
2350	2349	2351
2351	2300	2350	2402
2352
2353	2302
2354	2304	2405
2355	2310	2356
2356	2311	2355	2357	2411
2357	2312	2356	2358	2412
2358	2313	2357	2413
2359	2360	2415
2360	2315	2359	2361
2361	2360	2362	2416
2362	2361	2417
2363
2364	2318	2365
2365	2319	2364	2425
2366	2320	2367
2367	2366	2426
2368	2321
2369	2370
2370	2369	2371
2371	2322	2370	2372	2428
2372	2323	2371	2373
2373	2324	2372	2374
2374	2373	2375
2375	2325	2374
2376	2328	2377	2430
2377	2376	2431
2378
2379	2380	2435
2380	2332	2379	2381
2381	2380	2382	2436
2382	2381	2383
2383	2382	2384
2384	2333	2383
2385	2334	2386	2437
2386	2335	2385	2387
2387	2336	2386	2388	2438
2388	2337	2387	2389
2389	2338	2388	2439
2390	2440
2391	2339
2392	2341
2393	2342	2442
2394
2395	2343	2396
2396	2395	2443
2397	2444
2398	2399
2399	2344	2398	2400
2400	2345	2399
2401	2347
2402	2351	2403	2449
2403	2402	2450
2404	2405
2405	2354	2404	2406
2406	2405	2407
2407	2406	2408
2408	2407	2409	2452
2409	2408
2410
2411	2356	2412	2455
2412	2357	2411	2413	2456
2413	2358	2412	2414	2457
2414	2413	2458
2415	2359
2416	2361	2417	2459
2417	2362	2416	2418	2460
2418	2417	2419
2419	2418
2420	2421
2421	2420	2462
2422	2423	2463
2423	2422	2424
2424	2423
2425	2365	2465
2426	2367	2427
2427	2426
2428	2371
2429
2430	2376	2431
2431	2377	2430	2432
2432	2431	2433
2433	2432	2471
2434	2435	2473
2435	2379	2434	2474
2436	2381	2475
2437	2385
2438	2387	2478
2439	2389
2440	2390
2441	2442	2482
2442	2393	2441	2483
2443	2396	2485
2444	2397
2445	2490
2446	2447	2492
2447	2446	2448	2493
2448	2447	2449	2494
2449	2402	2448	2450	2495
2450	2403	2449
2451
2452	2408	2501
2453	2503
2454	2455
2455	2411	2454	2456	2504
2456	2412	2455	2457	2505
2457	2413	2456	2458	2506
2458	2414	2457
2459	2416	2460	2507
2460	2417	2459
2461	2508
2462	2421
2463	2422
2464	2465
2465	2425	2464	2512
2466	2467
2467	2466
2468	2469
2469	2468	2518
2470
2471	2433
2472	2520
2473	2434	2474
2474	2435	2473	2521
2475	2436	2522
2476
2477	2478	2525
2478	2438	2477	2479	2526
2479	2478	2527
2480	2481
2481	2480	2482
2482	2441	2481	2483
2483	2442	2482	2530
2484	2485	2532
2485	2443	2484	2486	2533
2486	2485
2487	2488
2488	2487
2489	2490	2536
2490	2445	2489	2537
2491	2492	2538
2492	2446	2491	2493	2539
2493	2447	2492	2494
2494	2448	2493	2495	2540
2495	2449	2494	2541
2496	2497
2497	2496	2544
2498
2499	2500	2546
2500	2499	2501
2501	2452	2500	2502	2547
2502	2501	2503	2548
2503	2453	2502
2504	2455	2505
2505	2456	2504	2506	2550
2506	2457	2505	2551
2507	2459	2557
2508	2461	2561
2509
2510	2511	2563
2511	2510	2564
2512	2465
2513	2514
2514	2513	2515	2565
2515	2514
2516
2517
2518	2469
2519	2572
2520	2472
2521	2474	2578
2522	2475
2523
2524	2525
2525	2477	2524	2526
2526	2478	2525	2527
2527	2479	2526	2528	2582
2528	2527
2529	2585
2530	2483	2531	2587
2531	2530	2588
2532	2484	2533
2533	2485	2532	2589
2534	2590
2535	2536	2591
2536	2489	2535	2537	2592
2537	2490	2536
2538	2491	2539	2593
2539	2492	2538	2594
2540	2494	2541	2595
2541	2495	2540	2542	2596
2542	2541	2543
2543	2542
2544	2497
2545	2546
2546	2499	2545
2547	2501	2548
2548	2502	2547
2549	2602
2550	2505	2551	2603
2551	2506	2550	2552
2552	2551	2553
2553	2552	2554
2554	2553	2555	2604
2555	2554	2556
2556	2555	2557	2605
2557	2507	2556	2558	2606
2558	2557	2559
2559	2558	2560	2607
2560	2559	2561	2608
2561	2508	2560	2562	2609
2562	2561	2610
2563	2510	2564	2613
2564	2511	2563	2614
2565	2514
2566
2567	2568	2616
2568	2567	2617
2569	2618
2570	2571
2571	2570	2572	2621
2572	2519	2571	2573
2573	2572	2574	2622
2574	2573
2575	2625
2576	2577
2577	2576	2578
2578	2521	2577	2579
2579	2578
2580	2628
2581	2629
2582	2527	2632
2583	2584
2584	2583	2585	2633
2585	2529	2584	2634
2586	2587
2587	2530	2586	2588
2588	2531	2587
2589	2533
2590	2534
2591	2535	2592	2640
2592	2536	2591
2593	2538	2594
2594	2539	2593	2642
2595	2540	2596
2596	2541	2595	2644
2597
2598	2599
2599	2598	2600	2646
2600	2599
2601	2649
2602	2549	2653
2603	2550
2604	2554
2605	2556	2606	2658
2606	2557	2605	2659
2607	2559	2608
2608	2560	2607	2609	2661
2609	2561	2608	2610	2662
2610	2562	2609	2611
2611	2610
2612	2613	2663
2613	2563	2612	2614
2614	2564	2613	2664
2615	2666
2616	2567	2617	2669
2617	2568	2616	2670
2618	2569	2619	2671
2619	2618	2620
2620	2619	2672
2621	2571
2622	2573	2673
2623
2624	2625	2675
2625	2575	2624
2626	2627	2680
2627	2626	2628
2628	2580	2627	2681
2629	2581
2630	2631	2683
2631	2630	2632	2684
2632	2582	2631
2633	2584	2634	2686
2634	2585	2633	2635
2635	2634	2636
2636	2635
2637	2689
2638	2691
2639	2640
2640	2591	2639
2641	2697
2642	2594	2643
2643	2642	2698
2644	2596	2645	2699
2645	2644
2646	2599	2704
2647	2648	2705
2648	2647	2649
2649	2601	2648	2650	2706
2650	2649	2707
2651	2652	2709
2652	2651	2653	2710
2653	2602	2652	2654
2654	2653	2711
2655	2656
2656	2655	2657	2713
2657	2656
2658	2605	2659	2716
2659	2606	2658	2660	2717
2660	2659	2718
2661	2608	2662	2719
2662	2609	2661
2663	2612	2722
2664	2614
2665	2666
2666	2615	2665
2667	2668
2668	2667	2725
2669	2616	2670
2670	2617	2669	2727
2671	2618
2672	2620	2730
2673	2622
2674	2732
2675	2624
2676	2677
2677	2676	2678	2733
2678	2677	2679
2679	2678
2680	2626
2681	2628
2682	2683
2683	2630	2682	2684
2684	2631	2683
2685	2686	2738
2686	2633	2685	2739
2687	2688
2688	2687
2689	2637	2690
2690	2689	2691	2742
2691	2638	2690	2692	2743
2692	2691	2693	2744
2693	2692	2694
2694	2693	2695
2695	2694
2696	2697
2697	2641	2696
2698	2643	2748
2699	2644
2700	2701
2701	2700	2702
2702	2701	2703
2703	2702	2704	2750
2704	2646	2703
2705	2647
2706	2649	2707	2752
2707	2650	2706	2708	2753
2708	2707	2709	2754
2709	2651	2708	2710
2710	2652	2709
2711	2654	2712	2755
2712	2711
2713	2656	2756
2714	2715
2715	2714	2716
2716	2658	2715	2717	2758
2717	2659	2716	2718
2718	2660	2717	2759
2719	2661	2760
2720	2721	2761
2721	2720	2722	2762
2722	2663	2721	2723
2723	2722
2724
2725	2668	2726	2766
2726	2725	2767
2727	2670	2728
2728	2727	2729
2729	2728
2730	2672
2731	2732
2732	2674	2731	2772
2733	2677	2777
2734	2780
2735
2736	2737
2737	2736	2784
2738	2685	2739
2739	2686	2738	2785
2740
2741	2789
2742	2690	2743	2790
2743	2691	2742	2744
2744	2692	2743
2745	2746	2795
2746	2745
2747
2748	2698	2749
2749	2748
2750	2703
2751	2752	2801
2752	2706	2751	2753
2753	2707	2752	2754	2802
2754	2708	2753	2803
2755	2711
2756	2713	2757	2806
2757	2756
2758	2716
2759	2718
2760	2719	2810
2761	2720	2762	2813
2762	2721	2761	2814
2763	2764	2818
2764	2763	2819
2765	2766	2821
2766	2725	2765	2767	2822
2767	2726	2766	2823
2768	2827
2769	2828
2770	2829
2771
2772	2732	2773
2773	2772	2774
2774	2773	2775
2775	2774	2776
2776	2775	2777
2777	2733	2776
2778	2779	2831
2779	2778	2832
2780	2734
2781	2835
2782	2783	2836
2783	2782
2784	2737
2785	2739	2786	2839
2786	2785	2840
2787
2788	2789	2841
2789	2741	2788	2842
2790	2742
2791	2792	2844
2792	2791	2793	2845
2793	2792	2794	2846
2794	2793	2795
2795	2745	2794
2796	2849
2797	2854
2798	2799	2856
2799	2798	2800	2857
2800	2799	2801
2801	2751	2800
2802	2753	2803	2858
2803	2754	2802
2804
2805
2806	2756	2861
2807	2864
2808	2865
2809	2810	2866
2810	2760	2809	2811	2867
2811	2810	2812	2868
2812	2811	2813
2813	2761	2812	2814	2869
2814	2762	2813	2870
2815	2816
2816	2815	2817
2817	2816	2818
2818	2763	2817	2819
2819	2764	2818	2820	2871
2820	2819	2821
2821	2765	2820	2822	2872
2822	2766	2821	2823	2873
2823	2767	2822	2824
2824	2823
2825	2826
2826	2825	2827	2874
2827	2768	2826	2875
2828	2769
2829	2770
2830	2831
2831	2778	2830	2832
2832	2779	2831	2833
2833	2832	2834
2834	2833
2835	2781	2883
2836	2782	2884
2837
2838	2839
2839	2785	2838	2840
2840	2786	2839
2841	2788	2842
2842	2789	2841	2843	2889
2843	2842
2844	2791	2845	2891
2845	2792	2844	2846	2892
2846	2793	2845	2893
2847	2848
2848	2847	2849
2849	2796	2848	2850
2850	2849	2851
2851	2850
2852	2896
2853	2854
2854	2797	2853
2855	2856	2898
2856	2798	2855	2857
2857	2799	2856	2899
2858	2802	2902
2859	2906
2860	2861
2861	2806	2860	2862
2862	2861	2863
2863	2862	2864	2907
2864	2807	2863	2908
2865	2808	2909
2866	2809	2867
2867	2810	2866	2868
2868	2811	2867
2869	2813	2870	2911
2870	2814	2869	2912
2871	2819	2915
2872	2821	2873	2916
2873	2822	2872
2874	2826	2875	2918
2875	2827	2874
2876
2877
2878	2921
2879	2880
2880	2879
2881
2882	2883
2883	2835	2882	2926
2884	2836	2885	2928
2885	2884
2886	2887
2887	2886	2888
2888	2887
2889	2842
2890
2891	2844	2892
2892	2845	2891	2893
2893	2846	2892	2894
2894	2893	2933
2895	2896
2896	2852	2895	2897	2940
2897	2896
2898	2855	2942
2899	2857	2944
2900	2901	2945
2901	2900	2902
2902	2858	2901	2903
2903	2902	2946
2904	2905	2948
2905	2904	2906
2906	2859	2905	2949
2907	2863	2908	2952
2908	2864	2907	2953
2909	2865	2954
2910	2911
2911	2869	2910	2912	2955
2912	2870	2911
2913	2914
2914	2913	2958
2915	2871	2960
2916	2872
2917
2918	2874	2965
2919	2920	2968
2920	2919	2921	2969
2921	2878	2920	2922
2922	2921	2923
2923	2922
2924	2971
2925	2977
2926	2883	2927
2927	2926	2928	2978
2928	2884	2927	2979
2929	2930	2981
2930	2929	2982
2931	2983
2932	2985
2933	2894	2934	2990
2934	2933	2935	2991
2935	2934
2936	2937	2992
2937	2936	2938	2993
2938	2937	2939	2994
2939	2938
2940	2896	2996
2941	2998
2942	2898	2943
2943	2942	2944	3000
2944	2899	2943	3001
2945	2900
2946	2903	2947
2947	2946	2948	3003
2948	2904	2947
2949	2906	3004
2950	2951
2951	2950	2952	3006
2952	2907	2951	2953	3007
2953	2908	2952
2954	2909
2955	2911	3011
2956	2957
2957	2956	3013
2958	2914	2959
2959	2958
2960	2915	2961	3015
2961	2960
2962	2963	3016
2963	2962
2964	2965
2965	2918	2964	3019
2966	2967	3023
2967	2966	2968	3024
2968	2919	2967	2969
2969	2920	2968
2970	2971
2971	2924	2970	2972	3025
2972	2971	2973	3026
2973	2972	2974
2974	2973	2975	3027
2975	2974	2976
2976	2975	2977	3028
2977	2925	2976	3029
2978	2927	2979
2979	2928	2978	2980
2980	2979
2981	2929	2982	3032
2982	2930	2981
2983	2931	2984
2984	2983	2985	3036
2985	2932	2984	2986
2986	2985	3037
2987	2988	3038
2988	2987	2989
2989	2988	2990
2990	2933	2989	2991
2991	2934	2990
2992	2936	2993
2993	2937	2992	2994
2994	2938	2993
2995	2996	3040
2996	2940	2995
2997	2998	3041
2998	2941	2997	2999	3042
2999	2998
3000	2943	3001	3043
3001	2944	3000
3002
3003	2947	3048
3004	2949
3005	3052
3006	2951	3007	3053
3007	2952	3006
3008	3054
3009	3010	3057
3010	3009	3011	3058
3011	2955	3010	3012	3059
3012	3011	3060
3013	2957	3014	3062
3014	3013	3063
3015	2960
3016	2962	3068
3017
3018	3069
3019	2965	3020	3070
3020	3019	3021
3021	3020	3022
3022	3021
3023	2966	3024	3072
3024	2967	3023
3025	2971	3026
3026	2972	3025
3027	2974
3028	2976	3029	3077
3029	2977	3028
3030	3079
3031
3032	2981	3082
3033	3034
3034	3033	3035	3083
3035	3034
3036	2984	3085
3037	2986
3038	2987	3087
3039	3089
3040	2995	3094
3041	2997	3042	3097
3042	2998	3041
3043	3000	3099
3044	3045	3101
3045	3044	3102
3046	3047	3104
3047	3046	3048	3105
3048	3003	3047	3049	3106
3049	3048	3050	3107
3050	3049	3108
3051	3052	3109
3052	3005	3051
3053	3006	3110
3054	3008	3055	3112
3055	3054
3056
3057	3009	3058
3058	3010	3057	3059
3059	3011	3058	3060
3060	3012	3059	3061
3061	3060	3062	3114
3062	3013	3061	3063
3063	3014	3062
3064	3065
3065	3064
3066	3067
3067	3066	3068	3116
3068	3016	3067	3117
3069	3018	3118
3070	3019
3071	3119
3072	3023	3120
3073	3074
3074	3073	3075	3123
3075	3074	3124
3076	3077	3128
3077	3028	3076
3078	3079	3129
3079	3030	3078	3130
3080
3081
3082	3032	3132
3083	3034
3084
3085	3036	3136
3086	3087
3087	3038	3086	3139
3088
3089	3039	3090
3090	3089	3091
3091	3090	3092
3092	3091	3093	3141
3093	3092
3094	3040	3095
3095	3094	3096
3096	3095	3097	3143
3097	3041	3096
3098
3099	3043	3100	3144
3100	3099	3101	3145
3101	3044	3100	3102
3102	3045	3101	3103
3103	3102	3104	3146
3104	3046	3103	3105	3147
3105	3047	3104	3106	3148
3106	3048	3105	3107
3107	3049	3106	3108	3149
3108	3050	3107	3150
3109	3051
3110	3053	3111
3111	3110	3153
3112	3054	3155
3113
3114	3061
3115	3160
3116	3067	3117
3117	3068	3116
3118	3069
3119	3071
3120	3072	3169
3121	3122
3122	3121	3171
3123	3074	3124	3173
3124	3075	3123	3125
3125	3124
3126	3127	3175
3127	3126	3176
3128	3076
3129	3078	3130
3130	3079	3129	3177
3131	3178
3132	3082	3182
3133	3183
3134	3184
3135	3136
3136	3085	3135	3137
3137	3136	3138	3185
3138	3137	3186
3139	3087	3189
3140
3141	3092
3142	3193
3143	3096
3144	3099	3145	3197
3145	3100	3144
3146	3103	3147
3147	3104	3146	3148	3199
3148	3105	3147
3149	3107	3150	3200
3150	3108	3149	3201
3151	3152
3152	3151	3203
3153	3111	3154	3205
3154	3153	3155
3155	3112	3154	3206
3156	3209
3157	3158
3158	3157	3211
3159
3160	3115	3161
3161	3160	3216
3162
3163
3164	3220
3165	3166	3221
3166	3165	3222
3167	3224
3168	3169
3169	3120	3168	3170
3170	3169	3225
3171	3122	3172
3172	3171	3173
3173	3123	3172
3174	3175	3228
3175	3126	3174	3176
3176	3127	3175	3229
3177	3130	3232
3178	3131	3179	3233
3179	3178	3180
3180	3179	3181
3181	3180
3182	3132	3234
3183	3133
3184	3134	3236
3185	3137	3186
3186	3138	3185	3187	3238
3187	3186	3188	3239
3188	3187	3189	3240
3189	3139	3188	3190
3190	3189
3191	3241
3192
3193	3142	3194
3194	3193	3195
3195	3194
3196	3246
3197	3144	3248
3198
3199	3147
3200	3149	3201	3251
3201	3150	3200
3202
3203	3152	3204
3204	3203	3205
3205	3153	3204	3253
3206	3155	3207	3254
3207	3206	3208
3208	3207	3209
3209	3156	3208	3210
3210	3209	3255
3211	3158	3212
3212	3211	3213	3257
3213	3212	3214
3214	3213	3258
3215
3216	3161	3217	3260
3217	3216
3218
3219	3220	3261
3220	3164	3219
3221	3165	3222
3222	3166	3221	3223	3263
3223	3222	3224
3224	3167	3223
3225	3170	3226	3265
3226	3225	3266
3227
3228	3174	3269
3229	3176	3230
3230	3229	3270
3231
3232	3177
3233	3178
3234	3182
3235	3236	3276
3236	3184	3235	3237
3237	3236
3238	3186	3239	3278
3239	3187	3238	3240
3240	3188	3239
3241	3191	3242
3242	3241	3280
3243	3283
3244	3245
3245	3244	3285
3246	3196	3247
3247	3246	3248
3248	3197	3247	3249	3286
3249	3248	3250	3287
3250	3249
3251	3200
3252
3253	3205	3290
3254	3206	3291
3255	3210	3256
3256	3255	3293
3257	3212	3295
3258	3214	3259	3297
3259	3258
3260	3216
3261	3219	3302
3262
3263	3222
3264	3305
3265	3225	3266
3266	3226	3265
3267
3268	3269
3269	3228	3268
3270	3230	3312
3271	3313
3272
3273	3316
3274
3275
3276	3235
3277	3278
3278	3238	3277	3318
3279
3280	3242	3281	3321
3281	3280	3322
3282	3283	3324
3283	3243	3282	3325
3284
3285	3245
3286	3248	3287
3287	3249	3286	3329
3288	3334
3289
3290	3253	3338
3291	3254
3292	3341
3293	3256	3294	3342
3294	3293	3295	3343
3295	3257	3294	3296
3296	3295	3297	3344
3297	3258	3296	3345
3298
3299
3300	3301	3347
3301	3300	3302
3302	3261	3301
3303	3349
3304
3305	3264	3306
3306	3305
3307	3354
3308	3309
3309	3308
3310	3311
3311	3310	3312
3312	3270	3311
3313	3271	3314
3314	3313	3356
3315	3358
3316	3273	3317
3317	3316	3360
3318	3278	3319
3319	3318	3320	3364
3320	3319
3321	3280	3322	3368
3322	3281	3321	3323	3369
3323	3322	3324	3370
3324	3282	3323	3325
3325	3283	3324	3326	3371
3326	3325	3372
3327
3328
3329	3287
3330	3331
3331	3330	3332	3379
3332	3331	3380
3333
3334	3288	3335	3383
3335	3334	3336
3336	3335	3337	3384
3337	3336	3385
3338	3290	3388
3339	3340
3340	3339	3341	3390
3341	3292	3340
3342	3293	3343	3391
3343	3294	3342
3344	3296	3345	3393
3345	3297	3344
3346	3394
3347	3300	3399
3348	3349	3402
3349	3303	3348
3350	3404
3351	3406
3352	3353
3353	3352	3354
3354	3307	3353	3355
3355	3354	3408
3356	3314	3357	3414
3357	3356	3358	3415
3358	3315	3357	3416
3359	3417
3360	3317	3418
3361
3362	3363
3363	3362
3364	3319
3365	3425
3366	3367
3367	3366
3368	3321	3369
3369	3322	3368	3370
3370	3323	3369
3371	3325	3372
3372	3326	3371	3373	3426
3373	3372	3374	3427
3374	3373	3428
3375	3376
3376	3375
3377
3378
3379	3331	3380	3431
3380	3332	3379	3381
3381	3380	3432
3382	3383
3383	3334	3382
3384	3336	3385
3385	3337	3384	3386
3386	3385	3387
3387	3386	3388	3434
3388	3338	3387	3435
3389
3390	3340
3391	3342
3392	3393
3393	3344	3392	3439
3394	3346	3395	3442
3395	3394	3443
3396	3397
3397	3396
3398	3399	3446
3399	3347	3398
3400	3401
3401	3400	3402	3447
3402	3348	3401
3403	3404	3449
3404	3350	3403	3405
3405	3404	3406	3450
3406	3351	3405	3407
3407	3406
3408	3355	3409
3409	3408	3410	3453
3410	3409	3411	3454
3411	3410
3412	3455
3413	3414
3414	3356	3413	3415	3458
3415	3357	3414	3416	3459
3416	3358	3415
3417	3359	3461
3418	3360	3419
3419	3418
3420
3421	3422	3464
3422	3421	3423
3423	3422	3465
3424	3425	3467
3425	3365	3424	3468
3426	3372	3427	3475
3427	3373	3426	3428	3476
3428	3374	3427	3429
3429	3428	3477
3430
3431	3379	3481
3432	3381	3433
3433	3432
3434	3387	3435	3485
3435	3388	3434	3436	3486
3436	3435	3487
3437
3438	3488
3439	3393	3440	3491
3440	3439	3441
3441	3440	3442	3492
3442	3394	3441	3443
3443	3395	3442	3444
3444	3443	3493
3445	3446
3446	3398	3445
3447	3401
3448
3449	3403
3450	3405	3497
3451
3452
3453	3409	3454
3454	3410	3453	3499
3455	3412	3500
3456	3501
3457
3458	3414	3459	3502
3459	3415	3458	3503
3460	3461
3461	3417	3460
3462	3508
3463	3464	3509
3464	3421	3463
3465	3423
3466	3467
3467	3424	3466	3468	3510
3468	3425	3467	3469
3469	3468	3470
3470	3469	3471	3511
3471	3470	3512
3472	3473	3514
3473	3472	3474	3515
3474	3473	3516
3475	3426	3476	3519
3476	3427	3475	3520
3477	3429	3522
3478
3479	3524
3480	3481	3527
3481	3431	3480	3482
3482	3481	3528
3483	3484	3531
3484	3483
3485	3434	3486
3486	3435	3485	3487
3487	3436	3486
3488	3438	3489
3489	3488
3490	3535
3491	3439	3536
3492	3441
3493	3444
3494	3495
3495	3494	3496	3541
3496	3495
3497	3450	3498
3498	3497	3545
3499	3454
3500	3455
3501	3456
3502	3458	3503	3553
3503	3459	3502	3504	3554
3504	3503	3555
3505	3506
3506	3505	3507
3507	3506	3556
3508	3462
3509	3463
3510	3467
3511	3470	3512
3512	3471	3511	3513	3561
3513	3512	3514	3562
3514	3472	3513	3515	3563
3515	3473	3514	3516	3564
3516	3474	3515	3517	3565
3517	3516	3518	3566
3518	3517	3519	3567
3519	3475	3518	3520	3568
3520	3476	3519	3521	3569
3521	3520	3522	3570
3522	3477	3521	3571
3523	3524
3524	3479	3523	3525	3574
3525	3524	3526	3575
3526	3525	3527
3527	3480	3526	3576
3528	3482
3529	3578
3530	3531	3580
3531	3483	3530
3532
3533	3534
3534	3533	3581
3535	3490
3536	3491	3584
3537	3538
3538	3537
3539	3540	3587
3540	3539
3541	3495
3542	3543
3543	3542	3544
3544	3543	3589
3545	3498	3546	3591
3546	3545	3547	3592
3547	3546	3593
3548	3549	3595
3549	3548	3596
3550	3598
3551	3552
3552	3551	3553
3553	3502	3552	3554
3554	3503	3553	3555
3555	3504	3554
3556	3507
3557	3558	3606
3558	3557	3559
3559	3558
3560	3609
3561	3512	3562	3611
3562	3513	3561	3563
3563	3514	3562	3564	3612
3564	3515	3563	3565	3613
3565	3516	3564	3566
3566	3517	3565	3567
3567	3518	3566	3568	3614
3568	3519	3567	3569	3615
3569	3520	3568	3570
3570	3521	3569	3571
3571	3522	3570	3572	3616
3572	3571	3617
3573	3618
3574	3524	3575	3620
3575	3525	3574	3621
3576	3527	3622
3577	3578	3625
3578	3529	3577	3579	3626
3579	3578	3580
3580	3530	3579	3627
3581	3534	3582	3632
3582	3581	3633
3583
3584	3536	3585
3585	3584
3586	3587
3587	3539	3586
3588	3639
3589	3544
3590
3591	3545	3592	3642
3592	3546	3591	3593	3643
3593	3547	3592	3594	3644
3594	3593	3595	3645
3595	3548	3594	3596	3646
3596	3549	3595	3647
3597	3598	3649
3598	3550	3597	3599	3650
3599	3598	3600	3651
3600	3599	3652
3601	3653
3602	3657
3603	3604	3659
3604	3603	3660
3605	3606
3606	3557	3605
3607	3608
3608	3607
3609	3560
3610	3666
3611	3561	3668
3612	3563	3613	3670
3613	3564	3612
3614	3567	3615
3615	3568	3614	3673
3616	3571	3617	3676
3617	3572	3616
3618	3573	3619
3619	3618	3620	3677
3620	3574	3619	3621	3678
3621	3575	3620
3622	3576	3623
3623	3622	3624
3624	3623	3625
3625	3577	3624	3626
3626	3578	3625
3627	3580	3628	3680
3628	3627	3681
3629	3630	3683
3630	3629	3631
3631	3630
3632	3581	3633	3685
3633	3582	3632	3634
3634	3633	3635
3635	3634	3686
3636
3637
3638
3639	3588	3640	3694
3640	3639	3695
3641	3642	3697
3642	3591	3641	3643	3698
3643	3592	3642	3644
3644	3593	3643	3645	3699
3645	3594	3644	3646	3700
3646	3595	3645	3647	3701
3647	3596	3646	3702
3648	3649
3649	3597	3648	3650	3704
3650	3598	3649	3651	3705
3651	3599	3650	3652	3706
3652	3600	3651	3707
3653	3601	3708
3654	3655	3710
3655	3654
3656	3657
3657	3602	3656	3658
3658	3657	3659
3659	3603	3658	3660
3660	3604	3659	3661
3661	3660	3712
3662	3714
3663
3664	3665
3665	3664	3666
3666	3610	3665	3718
3667	3668
3668	3611	3667	3669
3669	3668	3670	3720
3670	3612	3669	3721
3671	3672
3672	3671	3723
3673	3615	3674	3725
3674	3673	3675	3726
3675	3674	3676
3676	3616	3675	3727
3677	3619	3678
3678	3620	3677	3730
3679	3680
3680	3627	3679	3681	3734
3681	3628	3680	3682	3735
3682	3681	3736
3683	3629	3737
3684
3685	3632
3686	3635
3687	3688	3741
3688	3687
3689	3690	3743
3690	3689	3744
3691	3747
3692	3693	3748
3693	3692
3694	3639	3695	3749
3695	3640	3694
3696
3697	3641	3698
3698	3642	3697
3699	3644	3700
3700	3645	3699	3701	3754
3701	3646	3700	3702	3755
3702	3647	3701	3703
3703	3702
3704	3649	3705
3705	3650	3704	3706
3706	3651	3705	3707	3756
3707	3652	3706
3708	3653	3757
3709	3710
3710	3654	3709	3759
3711	3760
3712	3661	3765
3713	3714
3714	3662	3713	3715
3715	3714	3716
3716	3715	3717	3768
3717	3716
3718	3666	3771
3719	3773
3720	3669	3721
3721	3670	3720	3722
3722	3721	3775
3723	3672	3724
3724	3723	3725
3725	3673	3724	3726
3726	3674	3725
3727	3676	3728	3776
3728	3727	3777
3729
3730	3678	3731
3731	3730	3732	3779
3732	3731	3780
3733	3784
3734	3680	3735
3735	3681	3734	3736	3787
3736	3682	3735	3788
3737	3683	3738
3738	3737
3739	3740	3793
3740	3739	3741
3741	3687	3740	3794
3742	3743
3743	3689	3742	3744
3744	3690	3743	3745
3745	3744	3746	3797
3746	3745	3747
3747	3691	3746
3748	3692
3749	3694
3750
3751	3752
3752	3751
3753
3754	3700	3755	3802
3755	3701	3754
3756	3706	3806
3757	3708	3758	3808
3758	3757
3759	3710	3809
3760	3711	3761	3811
3761	3760	3762	3812
3762	3761	3763
3763	3762
3764	3765
3765	3712	3764
3766	3767	3813
3767	3766	3814
3768	3716
3769	3818
3770	3771
3771	3718	3770	3772
3772	3771	3773	3819
3773	3719	3772	3774	3820
3774	3773	3821
3775	3722
3776	3727	3777	3828
3777	3728	3776	3778	3829
3778	3777
3779	3731	3780
3780	3732	3779	3781	3831
3781	3780	3782	3832
3782	3781	3783
3783	3782	3784	3833
3784	3733	3783	3785	3834
3785	3784	3786
3786	3785	3835
3787	3735	3788
3788	3736	3787
3789	3841
3790	3791	3843
3791	3790	3792	3844
3792	3791
3793	3739	3845
3794	3741	3795	3847
3795	3794	3796	3848
3796	3795	3849
3797	3745
3798
3799	3800	3857
3800	3799	3858
3801	3802	3859
3802	3754	3801
3803	3804	3860
3804	3803	3805	3861
3805	3804	3862
3806	3756	3807	3864
3807	3806	3865
3808	3757	3867
3809	3759	3810	3870
3810	3809	3811
3811	3760	3810	3812
3812	3761	3811	3871
3813	3766	3814
3814	3767	3813	3815	3875
3815	3814	3816	3876
3816	3815	3817	3877
3817	3816	3878
3818	3769	3881
3819	3772	3820	3883
3820	3773	3819	3821
3821	3774	3820
3822
3823	3824	3886
3824	3823	3825
3825	3824	3826	3887
3826	3825	3827
3827	3826	3828
3828	3776	3827	3829	3888
3829	3777	3828	3889
3830
3831	3780	3832	3893
3832	3781	3831	3894
3833	3783	3834
3834	3784	3833
3835	3786	3836	3897
3836	3835
3837	3838	3899
3838	3837	3839
3839	3838	3840
3840	3839	3841	3900
3841	3789	3840	3842	3901
3842	3841	3843	3902
3843	3790	3842	3844
3844	3791	3843
3845	3793	3846	3904
3846	3845	3847
3847	3794	3846	3848	3905
3848	3795	3847	3849
3849	3796	3848	3850	3906
3850	3849	3851	3907
3851	3850	3908
3852
3853	3854	3912
3854	3853
3855	3856	3914
3856	3855	3857	3915
3857	3799	3856	3858
3858	3800	3857
3859	3801
3860	3803	3861
3861	3804	3860	3862
3862	3805	3861	3863
3863	3862	3919
3864	3806	3865	3921
3865	3807	3864	3866	3922
3866	3865	3867
3867	3808	3866	3868	3923
3868	3867	3869
3869	3868	3870
3870	3809	3869	3924
3871	3812	3872	3926
3872	3871
3873
3874
3875	3814	3876
3876	3815	3875	3877	3927
3877	3816	3876	3878
3878	3817	3877	3879
3879	3878	3928
3880	3881
3881	3818	3880	3929
3882	3883	3930
3883	3819	3882
3884	3932
3885	3886
3886	3823	3885
3887	3825
3888	3828	3889
3889	3829	3888	3890	3935
3890	3889	3936
3891	3892	3939
3892	3891	3893
3893	3831	3892	3894
3894	3832	3893	3895
3895	3894
3896	3897
3897	3835	3896
3898	3899	3943
3899	3837	3898
3900	3840	3901	3945
3901	3841	3900	3902
3902	3842	3901
3903
3904	3845	3947
3905	3847	3948
3906	3849	3907
3907	3850	3906	3908	3950
3908	3851	3907	3951
3909	3910	3952
3910	3909	3953
3911
3912	3853
3913	3914
3914	3855	3913	3915	3958
3915	3856	3914	3959
3916	3960
3917	3918	3962
3918	3917
3919	3863	3920	3965
3920	3919	3921	3966
3921	3864	3920	3922
3922	3865	3921	3967
3923	3867
3924	3870	3970
3925	3926
3926	3871	3925	3971
3927	3876
3928	3879	3978
3929	3881	3980
3930	3882
3931
3932	3884	3933
3933	3932	3934
3934	3933
3935	3889	3936
3936	3890	3935	3937	3987
3937	3936	3938
3938	3937	3939	3988
3939	3891	3938	3989
3940	3992
3941	3942	3994
3942	3941	3943
3943	3898	3942	3995
3944	3996
3945	3900
3946
3947	3904	4001
3948	3905	3949
3949	3948
3950	3907	3951
3951	3908	3950	4003
3952	3909	3953	4005
3953	3910	3952	4006
3954	4008
3955	3956
3956	3955
3957	4009
3958	3914	3959
3959	3915	3958
3960	3916	3961
3961	3960	3962	4012
3962	3917	3961	4013
3963	3964	4014
3964	3963	4015
3965	3919	3966
3966	3920	3965
3967	3922	3968	4016
3968	3967	4017
3969	3970
3970	3924	3969	4018
3971	3926	4019
3972	3973	4020
3973	3972	3974
3974	3973
3975
3976	3977	4022
3977	3976	3978	4023
3978	3928	3977
3979	3980	4025
3980	3929	3979
3981
3982
3983	3984
3984	3983	3985	4031
3985	3984	3986
3986	3985	4032
3987	3936	4034
3988	3938	3989	4035
3989	3939	3988	4036
3990	3991	4038
3991	3990	4039
3992	3940	3993
3993	3992
3994	3941	4040
3995	3943
3996	3944
3997	3998
3998	3997	4042
3999	4000
4000	3999	4001
4001	3947	4000	4002
4002	4001	4043
4003	3951	4004
4004	4003	4005
4005	3952	4004	4006	4045
4006	3953	4005	4007	4046
4007	4006	4008	4047
4008	3954	4007	4048
4009	3957	4010
4010	4009	4051
4011
4012	3961	4013	4055
4013	3962	4012
4014	3963	4015	4057
4015	3964	4014
4016	3967	4017
4017	3968	4016	4061
4018	3970
4019	3971
4020	3972	4066
4021	4022	4069
4022	3976	4021	4023
4023	3977	4022
4024	4025
4025	3979	4024	4071
4026	4073
4027	4076
4028	4077
4029	4078
4030
4031	3984	4082
4032	3986	4033	4084
4033	4032	4034	4085
4034	3987	4033	4086
4035	3988	4036	4088
4036	3989	4035	4037	4089
4037	4036	4038	4090
4038	3990	4037	4039	4091
4039	3991	4038
4040	3994
4041
4042	3998
4043	4002	4044
4044	4043	4099
4045	4005	4046	4103
4046	4006	4045	4047
4047	4007	4046	4048	4104
4048	4008	4047
4049	4106
4050
4051	4010	4052
4052	4051	4053
4053	4052
4054	4055
4055	4012	4054
4056	4057	4110
4057	4014	4056	4111
4058	4059
4059	4058	4060	4112
4060	4059
4061	4017	4114
4062	4116
4063	4064
4064	4063	4118
4065
4066	4020	4120
4067
4068	4069	4121
4069	4021	4068	4122
4070
4071	4025	4072
4072	4071	4073	4125
4073	4026	4072	4074
4074	4073
4075	4076
4076	4027	4075	4127
4077	4028
4078	4029	4079
4079	4078	4080	4129
4080	4079
4081	4082
4082	4031	4081	4083	4131
4083	4082	4084	4132
4084	4032	4083	4085
4085	4033	4084	4086
4086	4034	4085	4087	4133
4087	4086	4088
4088	4035	4087	4089
4089	4036	4088	4090
4090	4037	4089	4091
4091	4038	4090
4092
4093
4094	4136
4095	4096	4139
4096	4095
4097
4098
4099	4044	4100	4142
4100	4099	4101	4143
4101	4100
4102	4103	4146
4103	4045	4102	4147
4104	4047
4105	4106	4150
4106	4049	4105
4107	4108
4108	4107
4109	4154
4110	4056	4111	4156
4111	4057	4110
4112	4059
4113	4114	4160
4114	4061	4113	4115	4161
4115	4114	4116	4162
4116	4062	4115
4117	4163
4118	4064
4119	4120
4120	4066	4119	4165
4121	4068	4122
4122	4069	4121	4123
4123	4122
4124
4125	4072
4126	4170
4127	4076	4171
4128
4129	4079
4130	4173
4131	4082	4132
4132	4083	4131	4174
4133	4086	4177
4134	4183
4135	4136
4136	4094	4135	4137
4137	4136	4138	4184
4138	4137	4139
4139	4095	4138	4185
4140	4187
4141
4142	4099	4143
4143	4100	4142	4194
4144	4145
4145	4144	4146
4146	4102	4145	4147
4147	4103	4146	4148	4196
4148	4147	4197
4149	4150	4198
4150	4105	4149
4151
4152	4153
4153	4152	4202
4154	4109	4155
4155	4154	4204
4156	4110	4206
4157	4158	4208
4158	4157
4159	4160	4210
4160	4113	4159	4161	4211
4161	4114	4160	4162
4162	4115	4161
4163	4117	4164	4213
4164	4163	4214
4165	4120	4166	4216
4166	4165	4217
4167	4218
4168
4169	4170
4170	4126	4169
4171	4127	4223
4172	4224
4173	4130
4174	4132	4175
4175	4174	4176	4229
4176	4175	4177
4177	4133	4176	4178	4230
4178	4177	4179
4179	4178
4180	4181
4181	4180	4182
4182	4181	4232
4183	4134	4233
4184	4137
4185	4139	4186	4236
4186	4185	4187	4237
4187	4140	4186	4238
4188
4189	4190
4190	4189	4241
4191
4192	4193	4244
4193	4192	4245
4194	4143	4195	4246
4195	4194	4247
4196	4147	4197
4197	4148	4196	4248
4198	4149	4250
4199
4200	4201
4201	4200
4202	4153	4203
4203	4202
4204	4155	4205
4205	4204	4253
4206	4156	4207
4207	4206	4208
4208	4157	4207	4255
4209	4257
4210	4159	4211	4258
4211	4160	4210
4212	4213
4213	4163	4212	4214
4214	4164	4213	4260
4215	4216
4216	4165	4215	4217	4264
4217	4166	4216	4265
4218	4167
4219	4220
4220	4219	4267
4221	4222
4222	4221
4223	4171	4271
4224	4172	4273
4225	4226
4226	4225	4227
4227	4226
4228
4229	4175
4230	4177
4231	4275
4232	4182	4277
4233	4183	4234
4234	4233
4235	4236	4280
4236	4185	4235	4237
4237	4186	4236	4238
4238	4187	4237	4239	4281
4239	4238
4240	4283
4241	4190	4242
4242	4241	4284
4243	4244
4244	4192	4243	4245
4245	4193	4244	4285
4246	4194	4247	4286
4247	4195	4246	4287
4248	4197	4249
4249	4248	4250	4288
4250	4198	4249	4251
4251	4250	4289
4252
4253	4205	4254
4254	4253	4296
4255	4208	4256	4298
4256	4255	4257
4257	4209	4256
4258	4210
4259	4301
4260	4214	4261	4305
4261	4260	4262
4262	4261	4263	4306
4263	4262
4264	4216	4265	4308
4265	4217	4264	4309
4266
4267	4220	4268	4314
4268	4267
4269	4270
4270	4269
4271	4223	4272
4272	4271	4273
4273	4224	4272	4274	4318
4274	4273	4319
4275	4231	4329
4276	4277
4277	4232	4276	4331
4278	4279	4334
4279	4278	4280	4335
4280	4235	4279
4281	4238
4282	4283	4336
4283	4240	4282
4284	4242	4338
4285	4245	4342
4286	4246	4287
4287	4247	4286
4288	4249
4289	4251
4290
4291	4292
4292	4291	4346
4293	4294
4294	4293	4348
4295
4296	4254
4297	4298	4351
4298	4255	4297	4352
4299	4355
4300	4301
4301	4259	4300	4302	4357
4302	4301	4303
4303	4302	4304	4358
4304	4303	4305	4359
4305	4260	4304
4306	4262
4307	4308
4308	4264	4307	4309
4309	4265	4308
4310
4311	4312
4312	4311	4313	4362
4313	4312	4314
4314	4267	4313	4363
4315	4364
4316
4317
4318	4273	4319	4369
4319	4274	4318	4370
4320	4372
4321	4322	4373
4322	4321	4323	4374
4323	4322	4324
4324	4323	4325	4375
4325	4324	4326
4326	4325	4327	4376
4327	4326	4328	4377
4328	4327	4329
4329	4275	4328	4330
4330	4329	4378
4331	4277
4332	4379
4333	4334
4334	4278	4333	4335	4381
4335	4279	4334
4336	4282
4337	4338	4385
4338	4284	4337	4339
4339	4338	4340
4340	4339	4341	4386
4341	4340	4342	4387
4342	4285	4341
4343	4390
4344	4345
4345	4344
4346	4292	4347
4347	4346	4395
4348	4294	4397
4349	4398
4350	4351
4351	4297	4350	4352
4352	4298	4351	4353
4353	4352	4354
4354	4353	4355	4400
4355	4299	4354
4356	4401
4357	4301
4358	4303	4359
4359	4304	4358
4360	4405
4361
4362	4312	4406
4363	4314
4364	4315	4365	4408
4365	4364	4409
4366	4411
4367	4413
4368	4369
4369	4318	4368	4370	4414
4370	4319	4369	4415
4371	4372
4372	4320	4371	4417
4373	4321	4374
4374	4322	4373
4375	4324
4376	4326	4377
4377	4327	4376	4420
4378	4330	4421
4379	4332	4380
4380	4379	4422
4381	4334	4423
4382	4383
4383	4382
4384	4385	4424
4385	4337	4384
4386	4340	4387
4387	4341	4386
4388	4425
4389
4390	4343
4391
4392	4393
4393	4392	4394	4431
4394	4393	4432
4395	4347	4396	4433
4396	4395	4434
4397	4348
4398	4349
4399	4435
4400	4354	4438
4401	4356	4440
4402
4403
4404	4447
4405	4360	4448
4406	4362	4407
4407	4406	4452
4408	4364	4409
4409	4365	4408	4410
4410	4409
4411	4366	4412
4412	4411	4413
4413	4367	4412
4414	4369	4415
4415	4370	4414	4416
4416	4415
4417	4372	4457
4418	4460
4419	4461
4420	4377	4463
4421	4378
4422	4380
4423	4381
4424	4384
4425	4388	4426
4426	4425	4473
4427
4428	4429	4476
4429	4428	4477
4430
4431	4393	4432
4432	4394	4431
4433	4395	4434
4434	4396	4433	4479
4435	4399	4436
4436	4435
4437	4438
4438	4400	4437	4484
4439	4440
4440	4401	4439	4441	4486
4441	4440	4442	4487
4442	4441
4443	4444	4489
4444	4443
4445	4446
4446	4445	4447	4491
4447	4404	4446
4448	4405	4493
4449	4450
4450	4449	4451
4451	4450	4494
4452	4407	4453
4453	4452	4496
4454
4455
4456	4457
4457	4417	4456	4501
4458	4459	4502
4459	4458	4460
4460	4418	4459
4461	4419	4462	4503
4462	4461	4463
4463	4420	4462	4464	4504
4464	4463
4465
4466	4507
4467	4509
4468
4469	4470	4511
4470	4469	4512
4471
4472	4515
4473	4426	4474	4516
4474	4473
4475	4476
4476	4428	4475	4477	4519
4477	4429	4476	4478
4478	4477	4520
4479	4434	4480
4480	4479	4526
4481	4482
4482	4481
4483	4528
4484	4438	4485	4530
4485	4484
4486	4440	4487	4532
4487	4441	4486	4533
4488
4489	4443
4490	4537
4491	4446
4492	4493	4538
4493	4448	4492	4539
4494	4451	4495	4541
4495	4494	4542
4496	4453	4497	4544
4497	4496	4545
4498
4499	4550
4500	4552
4501	4457
4502	4458	4554
4503	4461
4504	4463
4505	4506	4556
4506	4505	4557
4507	4466	4559
4508	4560
4509	4467
4510	4561
4511	4469	4512	4566
4512	4470	4511	4513
4513	4512	4567
4514	4515	4569
4515	4472	4514
4516	4473	4571
4517	4518	4574
4518	4517	4575
4519	4476
4520	4478	4578
4521	4522
4522	4521	4523	4580
4523	4522	4524
4524	4523
4525	4581
4526	4480	4582
4527	4586
4528	4483
4529	4530
4530	4484	4529	4588
4531	4532
4532	4486	4531	4533
4533	4487	4532
4534	4591
4535	4536
4536	4535	4537	4592
4537	4490	4536	4593
4538	4492	4539	4595
4539	4493	4538
4540	4541	4597
4541	4494	4540	4542	4598
4542	4495	4541	4543
4543	4542	4544	4599
4544	4496	4543	4545
4545	4497	4544	4546	4600
4546	4545	4601
4547	4548
4548	4547	4549	4603
4549	4548	4550
4550	4499	4549
4551	4605
4552	4500	4553
4553	4552
4554	4502
4555	4608
4556	4505	4557	4610
4557	4506	4556	4611
4558	4559
4559	4507	4558
4560	4508	4613
4561	4510	4562	4617
4562	4561	4563	4618
4563	4562	4564
4564	4563	4565	4619
4565	4564
4566	4511
4567	4513	4568
4568	4567	4569
4569	4514	4568
4570	4571	4622
4571	4516	4570	4572	4623
4572	4571	4573
4573	4572	4574	4624
4574	4517	4573	4575
4575	4518	4574	4576
4576	4575	4625
4577	4578	4627
4578	4520	4577	4579
4579	4578	4628
4580	4522	4629
4581	4525
4582	4526	4583
4583	4582	4584
4584	4583	4585	4632
4585	4584
4586	4527	4634
4587	4635
4588	4530
4589	4590	4638
4590	4589	4591	4639
4591	4534	4590
4592	4536	4593	4642
4593	4537	4592
4594	4595	4645
4595	4538	4594
4596	4597	4646
4597	4540	4596	4598
4598	4541	4597	4647
4599	4543
4600	4545	4601
4601	4546	4600	4602
4602	4601
4603	4548	4649
4604
4605	4551	4653
4606	4607	4657
4607	4606
4608	4555
4609	4658
4610	4556	4611	4660
4611	4557	4610	4661
4612	4613	4664
4613	4560	4612	4614
4614	4613	4615	4665
4615	4614
4616	4617
4617	4561	4616	4618
4618	4562	4617	4667
4619	4564
4620	4669
4621	4622	4672
4622	4570	4621	4623	4673
4623	4571	4622	4674
4624	4573	4676
4625	4576	4626	4677
4626	4625	4627
4627	4577	4626	4678
4628	4579
4629	4580	4630	4681
4630	4629	4631	4682
4631	4630	4683
4632	4584	4688
4633	4634	4690
4634	4586	4633
4635	4587	4692
4636
4637
4638	4589	4639
4639	4590	4638	4695
4640	4641
4641	4640	4642
4642	4592	4641
4643	4644
4644	4643	4645	4697
4645	4594	4644
4646	4596
4647	4598
4648	4701
4649	4603	4650
4650	4649	4651
4651	4650
4652	4653	4703
4653	4605	4652
4654	4705
4655
4656	4657
4657	4606	4656	4707
4658	4609	4659	4710
4659	4658	4660	4711
4660	4610	4659	4661
4661	4611	4660	4712
4662	4663	4714
4663	4662	4664
4664	4612	4663
4665	4614	4715
4666	4716
4667	4618	4718
4668	4669	4721
4669	4620	4668
4670	4671	4723
4671	4670	4672
4672	4621	4671	4673	4724
4673	4622	4672	4674
4674	4623	4673	4675
4675	4674	4676
4676	4624	4675	4725
4677	4625
4678	4627	4679	4728
4679	4678	4729
4680	4681
4681	4629	4680	4682	4730
4682	4630	4681	4683
4683	4631	4682
4684	4685
4685	4684	4686
4686	4685	4687	4732
4687	4686	4688
4688	4632	4687	4689
4689	4688	4690	4733
4690	4633	4689
4691	4692	4734
4692	4635	4691	4693
4693	4692
4694
4695	4639	4696
4696	4695
4697	4644
4698
4699	4700
4700	4699	4701
4701	4648	4700	4747
4702	4703
4703	4652	4702	4749
4704	4705	4752
4705	4654	4704	4706	4753
4706	4705
4707	4657	4708
4708	4707
4709	4758
4710	4658	4711	4760
4711	4659	4710
4712	4661	4713	4762
4713	4712	4714
4714	4662	4713	4763
4715	4665	4766
4716	4666	4717
4717	4716
4718	4667	4719
4719	4718	4720
4720	4719	4721
4721	4668	4720
4722	4769
4723	4670	4770
4724	4672
4725	4676	4726
4726	4725
4727	4728	4773
4728	4678	4727	4729
4729	4679	4728
4730	4681
4731	4775
4732	4686
4733	4689	4777
4734	4691
4735	4736	4781
4736	4735	4737
4737	4736	4738
4738	4737
4739	4740
4740	4739	4741
4741	4740	4742
4742	4741	4783
4743
4744	4745
4745	4744
4746
4747	4701	4791
4748
4749	4703	4750	4795
4750	4749	4751
4751	4750	4752	4796
4752	4704	4751	4753	4797
4753	4705	4752	4798
4754	4755
4755	4754	4756	4800
4756	4755
4757	4758
4758	4709	4757	4759	4802
4759	4758	4760
4760	4710	4759	4803
4761	4762	4804
4762	4712	4761	4805
4763	4714
4764	4765	4807
4765	4764	4766
4766	4715	4765	4767	4808
4767	4766	4809
4768	4810
4769	4722
4770	4723	4815
4771
4772	4773	4820
4773	4727	4772	4821
4774
4775	4731
4776	4777
4777	4733	4776	4778
4778	4777	4779	4826
4779	4778	4827
4780	4829
4781	4735
4782
4783	4742	4835
4784	4785	4836
4785	4784
4786
4787
4788	4789	4839
4789	4788	4790	4840
4790	4789	4791	4841
4791	4747	4790	4792	4842
4792	4791	4793
4793	4792	4843
4794	4845
4795	4749	4846
4796	4751	4797
4797	4752	4796	4798	4847
4798	4753	4797	4799	4848
4799	4798	4849
4800	4755	4850
4801
4802	4758	4853
4803	4760	4855
4804	4761	4805	4857
4805	4762	4804	4858
4806	4807	4861
4807	4764	4806	4862
4808	4766	4809
4809	4767	4808	4864
4810	4768	4866
4811	4812
4812	4811
4813	4869
4814	4815
4815	4770	4814	4816	4871
4816	4815	4817
4817	4816
4818
4819	4873
4820	4772	4821	4875
4821	4773	4820
4822	4823	4878
4823	4822
4824
4825	4882
4826	4778	4827	4884
4827	4779	4826
4828	4829	4885
4829	4780	4828	4886
4830
4831	4889
4832	4833
4833	4832
4834	4835
4835	4783	4834	4894
4836	4784
4837	4896
4838
4839	4788	4840
4840	4789	4839	4841
4841	4790	4840	4842	4900
4842	4791	4841	4901
4843	4793	4844	4902
4844	4843	4845
4845	4794	4844
4846	4795
4847	4797	4848	4905
4848	4798	4847	4849	4906
4849	4799	4848	4907
4850	4800	4851	4909
4851	4850	4852
4852	4851	4910
4853	4802	4854
4854	4853	4855
4855	4803	4854	4856
4856	4855	4857
4857	4804	4856	4858	4912
4858	4805	4857	4859	4913
4859	4858	4860
4860	4859	4861	4914
4861	4806	4860	4862	4915
4862	4807	4861	4863	4916
4863	4862	4917
4864	4809
4865	4866
4866	4810	4865	4867	4919
4867	4866	4868	4920
4868	4867	4921
4869	4813	4870	4925
4870	4869	4926
4871	4815	4928
4872	4873	4933
4873	4819	4872	4874	4934
4874	4873	4875
4875	4820	4874	4935
4876	4877
4877	4876	4878	4937
4878	4822	4877	4938
4879
4880	4881
4881	4880
4882	4825	4883
4883	4882
4884	4826
4885	4828	4886	4944
4886	4829	4885	4887
4887	4886
4888	4889
4889	4831	4888	4946
4890	4891	4948
4891	4890
4892	4950
4893	4952
4894	4835	4954
4895	4896
4896	4837	4895	4897	4957
4897	4896	4958
4898	4899
4899	4898
4900	4841	4901
4901	4842	4900
4902	4843
4903
4904	4905
4905	4847	4904	4906
4906	4848	4905	4907
4907	4849	4906	4908
4908	4907	4909
4909	4850	4908
4910	4852
4911
4912	4857	4913
4913	4858	4912
4914	4860	4915
4915	4861	4914	4916
4916	4862	4915	4917
4917	4863	4916	4918
4918	4917
4919	4866	4920
4920	4867	4919	4921
4921	4868	4920	4922
4922	4921	4923
4923	4922	4924
4924	4923	4925
4925	4869	4924	4926
4926	4870	4925	4927
4927	4926	4928
4928	4871	4927	4929
4929	4928
4930	4931
4931	4930	4932
4932	4931	4933
4933	4872	4932	4934
4934	4873	4933
4935	4875	4936
4936	4935
4937	4877	4938
4938	4878	4937	4939
4939	4938
4940
4941
4942
4943
4944	4885
4945
4946	4889	4947
4947	4946	4948
4948	4890	4947
4949	4950
4950	4892	4949	4951
4951	4950	4952
4952	4893	4951	4953
4953	4952	4954
4954	4894	4953	4955
4955	4954	4956
4956	4955
4957	4896	4958
4958	4897	4957