64
1	2
2	1	3
3	2
4	8
5	11
6	13
7	8	17
8	4	7	9	18
9	8	10	19
10	9	11	20
11	5	10	21
12	13
13	6	12	14	22
14	13	15
15	14	16	23
16	15	17
17	7	16	18	24
18	8	17	19
19	9	18	20	25
20	10	19	21
21	11	20
22	13	27
23	15	29
24	17	30
25	19
26	27
27	22	26	28	33
28	27	29	34
29	23	28
30	24	31	35
31	30
32	37
33	27	34	39
34	28	33
35	30	41
36	37	43
37	32	36	38
38	37	44
39	33
40	41
41	35	40	42	46
42	41	43	47
43	36	42	48
44	38	49
45	50
46	41	47	54
47	42	46	48	55
48	43	47	56
49	44
50	45	57
51	52
52	51	53	58
53	52	54	59
54	46	53	55	60
55	47	54	56	61
56	48	55	62
57	50
58	52	59
59	53	58	60
60	54	59	61
61	55	60	62
62	56	61	63
63	62	64
64	63