Below are test for 50
1 50 0.002736 0.001860 0.001815 1.471295 1.507353
2 50 0.002746 0.003016 0.001914 0.910228 1.434722
3 50 0.001157 0.001431 0.001363 0.808878 0.849304
4 50 0.001168 0.002324 0.001809 0.502722 0.645939
5 50 0.001158 0.001733 0.001747 0.668138 0.662814
6 50 0.001157 0.002153 0.002037 0.537349 0.567954
7 50 0.001411 0.002499 0.002581 0.564597 0.546647
8 50 0.001161 0.002482 0.003116 0.467547 0.372482
9 50 0.001166 0.003461 0.003311 0.336888 0.352212
10 50 0.001161 0.003656 0.004250 0.317730 0.273265
11 50 0.001272 0.004116 0.004449 0.309021 0.285865
12 50 0.001337 0.004034 0.004703 0.331352 0.284243
13 50 0.001371 0.003761 0.005392 0.364427 0.254172
14 50 0.001387 0.005259 0.006615 0.263692 0.209645
15 50 0.001426 0.005445 0.006875 0.261867 0.207397
16 50 0.001370 0.005040 0.006131 0.271884 0.223486

Below are new test for 800
1 800 8.246526 5.103117 5.034151 1.615978 1.638116
2 800 8.245546 2.814557 2.565842 2.929607 3.213583
3 800 8.244371 1.975502 1.734820 4.173305 4.752291
4 800 8.294731 1.600886 1.299051 5.181337 6.385224
5 800 8.248427 1.558442 1.122850 5.292739 7.345973
6 800 8.264810 1.272518 0.928846 6.494846 8.897931
7 800 8.239529 1.197688 0.804438 6.879527 10.242589
8 800 8.346273 1.152450 0.708624 7.242197 11.778137
9 800 7.102459 1.003379 0.544776 7.078538 13.037387
10 800 6.625111 1.053648 0.513134 6.287781 12.911082
11 800 6.565283 1.034373 0.475830 6.347115 13.797524
12 800 6.565782 1.029291 0.444373 6.378937 14.775369
13 800 6.576201 1.036335 0.433606 6.345634 15.166315
14 800 6.549225 1.048492 0.726969 6.246329 9.008950
15 800 6.568552 1.055975 1.030280 6.220367 6.375503
16 800 6.560680 1.087876 1.179161 6.030727 5.563853
