1 50 0.002727 0.001829 0.001789 1.491107 1.523944
2 50 0.002377 0.003303 0.001995 0.719733 1.191542
3 50 0.001151 0.002958 0.001364 0.389132 0.843969
4 50 0.001159 0.002079 0.002186 0.557807 0.530299
5 50 0.001345 0.002289 0.002357 0.587729 0.570904
6 50 0.001157 0.002642 0.002668 0.437842 0.433489
7 50 0.001335 0.002370 0.002630 0.563228 0.507512
8 50 0.001151 0.003117 0.002996 0.369376 0.384359
9 50 0.001156 0.003391 0.003841 0.340944 0.300981
10 50 0.001374 0.003993 0.003921 0.344040 0.350356
11 50 0.001323 0.003383 0.004617 0.390991 0.286471
12 50 0.001370 0.004362 0.005314 0.314120 0.257808
13 50 0.001370 0.004772 0.005678 0.287087 0.241286
14 50 0.001285 0.004803 0.004680 0.267559 0.274592
15 50 0.001156 0.004166 0.005996 0.277433 0.192732
16 50 0.001432 0.005039 0.006422 0.284116 0.222952
