10 50 0.002736 0.005148 0.002652 0.531555 1.032026
10 100 0.017125 0.016166 0.014422 1.059318 1.187456
10 200 0.096946 0.053979 0.051802 1.795993 1.871477
10 300 0.354097 0.105952 0.148209 3.342066 2.389170
10 400 0.884626 0.198758 0.158273 4.450771 5.589234
10 500 1.890995 0.352955 0.172962 5.357610 10.933010
10 700 5.718624 0.865741 0.888268 6.605469 6.437946
10 800 8.275438 1.952384 1.310172 4.238632 6.316301
10 1000 20.694403 3.272346 3.212191 6.324026 6.442458
10 1500 95.010864 11.316954 8.941265 8.395445 10.626110
10 2000 253.444129 21.561432 21.797252 11.754513 11.627343


